 0,0
0.01111111,0
0.02222222,0
0.03333334,0
0.04444445,0
0.05555556,0
0.06666667,0
0.07777778,0
0.08888889,0
0.1,0
0.1111111,0
0.1222222,0
0.1333333,0
0.1444445,0
0.1555556,0
0.1666667,0
0.1777778,0
0.1888889,0
0.2,0
0.2111111,0
0.2222222,0
0.2333333,0
0.2444444,0
0.2555556,0
0.2666667,0
0.2777778,0
0.2888889,0
0.3,0
0.3111111,0
0.3222222,0
0.3333333,0
0.3444445,0
0.3555556,0
0.3666667,0
0.3777778,0
0.3888889,0
0.4,0
0.4111111,0
0.4222222,0
0.4333333,0
0.4444444,0
0.4555556,0
0.4666667,0
0.4777778,0
0.4888889,0
0.5,0
0.5111111,0
0.5222222,0
0.5333334,0
0.5444444,0
0.5555556,0
0.5666667,0
0.5777778,0
0.5888889,0
0.6,0
0.6111111,0
0.6222222,0
0.6333333,0
0.6444445,0
0.6555555,0
0.6666667,0
0.6777778,0
0.6888889,0
0.7,0
0.7111111,0
0.7222223,0
0.7333333,0
0.7444445,0
0.7555556,0
0.7666667,0
0.7777778,0
0.7888889,0
0.8,0
0.8111112,0
0.8222222,0
0.8333334,0
0.8444445,0
0.8555556,0
0.8666667,0
0.8777778,0
0.8888889,0
0.9,0
0.9111111,0
0.9222223,0
0.9333333,0
0.9444445,0
0.9555556,0
0.9666667,0
0.9777778,0
0.9888889,0
1,0
1.011111,0
1.022222,0
1.033333,0
1.044444,0
1.055556,0
1.066667,0
1.077778,0
1.088889,0
1.1,0
1.111111,0
1.122222,0
1.133333,0
1.144444,0
1.155556,0
1.166667,0
1.177778,0
1.188889,0
1.2,0
1.211111,0
1.222222,0
1.233333,0
1.244444,0
1.255556,0
1.266667,0
1.277778,0
1.288889,0
1.3,0
1.311111,0
1.322222,0
1.333333,0
1.344445,0
1.355556,0
1.366667,0
1.377778,0
1.388889,0
1.4,0
1.411111,0
1.422222,0
1.433333,0
1.444445,0
1.455556,0
1.466667,0
1.477778,0
1.488889,0
1.5,0
1.511111,0
1.522222,0
1.533333,0
1.544444,0
1.555556,0
1.566667,0
1.577778,0
1.588889,0
1.6,0
1.611111,0
1.622222,0
1.633333,0
1.644444,0
1.655556,0
1.666667,0
1.677778,0
1.688889,0
1.7,0
1.711111,0
1.722222,0
1.733333,0
1.744444,0
1.755556,0
1.766667,0
1.777778,0
1.788889,0
1.8,0
1.811111,0
1.822222,0
1.833333,0
1.844445,0
1.855556,0
1.866667,0
1.877778,0
1.888889,0
1.9,0
1.911111,0
1.922222,0
1.933333,0
1.944445,0
1.955556,0
1.966667,0
1.977778,0
1.988889,0
2,0
2.011111,0
2.022222,0
2.033333,0
2.044445,0
2.055556,0
2.066667,0
2.077778,0
2.088889,0
2.1,0
2.111111,0
2.122222,0
2.133333,0
2.144444,0
2.155556,0
2.166667,0
2.177778,0
2.188889,0
2.2,0
2.211111,0
2.222222,0
2.233333,0
2.244445,0
2.255556,0
2.266667,0
2.277778,0
2.288889,0
2.3,0
2.311111,0
2.322222,0
2.333333,0
2.344445,0
2.355556,0
2.366667,0
2.377778,0
2.388889,0
2.4,0
2.411111,0
2.422222,0
2.433333,0
2.444444,0
2.455556,0
2.466667,0
2.477778,0
2.488889,0
2.5,0
2.511111,0
2.522222,0
2.533333,0
2.544445,0
2.555556,0
2.566667,0
2.577778,0
2.588889,0
2.6,0
2.611111,0
2.622222,0
2.633333,0
2.644444,0
2.655556,0
2.666667,0
2.677778,0
2.688889,0
2.7,0
2.711111,0
2.722222,0
2.733333,0
2.744445,0
2.755556,0
2.766667,0
2.777778,0
2.788889,0
2.8,0
2.811111,0
2.822222,0
2.833333,0
2.844445,0
2.855556,0
2.866667,0
2.877778,0
2.888889,0
2.9,0
2.911111,0
2.922222,0
2.933333,0
2.944444,0
2.955556,0
2.966667,0
2.977778,0
2.988889,0
3,0
3.011111,0
3.022222,0
3.033333,0
3.044445,0
3.055556,0
3.066667,0
3.077778,0
3.088889,0
3.1,0
3.111111,0
3.122222,0
3.133333,0
3.144444,0
3.155556,0
3.166667,0
3.177778,0
3.188889,0
3.2,0
3.211111,0
3.222222,0
3.233333,0
3.244445,0
3.255556,0
3.266667,0
3.277778,0
3.288889,0
3.3,0
3.311111,0
3.322222,0
3.333333,0
3.344445,0
3.355556,0
3.366667,0
3.377778,0
3.388889,0
3.4,0
3.411111,0
3.422222,0
3.433333,0
3.444444,0
3.455556,0
3.466667,0
3.477778,0
3.488889,0
3.5,0
3.511111,0
3.522222,0
3.533333,0
3.544445,0
3.555556,0
3.566667,0
3.577778,0
3.588889,0
3.6,0
3.611111,0
3.622222,0
3.633333,0
3.644444,0
3.655556,0
3.666667,0
3.677778,0
3.688889,0
3.7,0
3.711111,0
3.722222,0
3.733333,0
3.744445,0
3.755556,0
3.766667,0
3.777778,0
3.788889,0
3.8,0
3.811111,0
3.822222,0
3.833333,0
3.844445,0
3.855556,0
3.866667,0
3.877778,0
3.888889,0
3.9,0
3.911111,0
3.922222,0
3.933333,0
3.944445,0
3.955556,0
3.966667,0
3.977778,0
3.988889,0
4,0
4.011111,0
4.022223,0
4.033333,0
4.044445,0
4.055556,0
4.066667,0
4.077778,0
4.088889,0
4.1,0
4.111111,0
4.122222,0
4.133333,0
4.144444,0
4.155556,0
4.166667,0
4.177778,0
4.188889,0
4.2,0
4.211111,0
4.222222,0
4.233334,0
4.244444,0
4.255556,0
4.266667,0
4.277778,0
4.288889,0
4.3,0
4.311111,0
4.322222,0
4.333333,0
4.344445,0
4.355556,0
4.366667,0
4.377778,0
4.388889,0
4.4,0
4.411111,0
4.422222,0
4.433333,0
4.444445,0
4.455555,0
4.466667,0
4.477778,0
4.488889,0
4.5,0
4.511111,0
4.522223,0
4.533333,0
4.544445,0
4.555556,0
4.566667,0
4.577778,0
4.588889,0
4.6,0
4.611111,0
4.622222,0
4.633334,0
4.644444,0
4.655556,0
4.666667,0
4.677778,0
4.688889,0
4.7,0
4.711111,0
4.722222,0
4.733334,0
4.744444,0
4.755556,0
4.766667,0
4.777778,0
4.788889,0
4.8,0
4.811111,0
4.822222,0
4.833333,0
4.844445,0
4.855556,0
4.866667,0
4.877778,0
4.888889,0
4.9,0
4.911111,0
4.922222,0
4.933333,0
4.944445,0
4.955555,0
4.966667,0
4.977778,0
4.988889,0
5,0
5.011111,0
5.022223,0
5.033333,0
5.044445,0
5.055556,0
5.066667,0
5.077778,0
5.088889,0
5.1,0
5.111111,0
5.122222,0
5.133334,0
5.144444,0
5.155556,0
5.166667,0
5.177778,0
5.188889,0
5.2,0
5.211111,0
5.222222,0
5.233334,0
5.244444,0
5.255556,0
5.266667,0
5.277778,0
5.288889,0
5.3,0
5.311111,0
5.322222,0
5.333333,0
5.344445,0
5.355556,0
5.366667,0
5.377778,0
5.388889,0
5.4,0
5.411111,0
5.422222,0
5.433333,0
5.444445,0
5.455556,0
5.466667,0
5.477778,0
5.488889,0
5.5,0
5.511111,0
5.522223,0
5.533333,0
5.544445,0
5.555556,0
5.566667,0
5.577778,0
5.588889,0
5.6,0
5.611111,0
5.622222,0
5.633334,0
5.644444,0
5.655556,0
5.666667,0
5.677778,0
5.688889,0
5.7,0
5.711111,0
5.722222,0
5.733334,0
5.744444,0
5.755556,0
5.766667,0
5.777778,0
5.788889,0
5.8,0
5.811111,0
5.822222,0
5.833333,0
5.844445,0
5.855556,0
5.866667,0
5.877778,0
5.888889,0
5.9,0
5.911111,0
5.922222,0
5.933333,0
5.944445,0
5.955556,0
5.966667,0
5.977778,0
5.988889,0
6,0
6.011111,0
6.022223,0
6.033333,0
6.044445,0
6.055556,0
6.066667,0
6.077778,0
6.088889,0
6.1,0
6.111111,0
6.122222,0
6.133334,0
6.144444,0
6.155556,0
6.166667,0
6.177778,0
6.188889,0
6.2,0
6.211111,0
6.222222,0
6.233334,0
6.244444,0
6.255556,0
6.266667,0
6.277778,0
6.288889,0
6.3,0
6.311111,0
6.322222,0
6.333333,0
6.344445,0
6.355556,0
6.366667,0
6.377778,0
6.388889,0
6.4,0
6.411111,0
6.422223,0
6.433333,0
6.444445,0
6.455556,0
6.466667,0
6.477778,0
6.488889,0
6.5,0
6.511111,0
6.522223,0
6.533333,0
6.544445,0
6.555556,0
6.566667,0
6.577778,0
6.588889,0
6.6,0
6.611111,0
6.622222,0
6.633334,0
6.644444,0
6.655556,0
6.666667,0
6.677778,0
6.688889,0
6.7,0
6.711111,0
6.722222,0
6.733334,0
6.744444,0
6.755556,0
6.766667,0
6.777778,0
6.788889,0
6.8,0
6.811111,0
6.822222,0
6.833333,0
6.844445,0
6.855556,0
6.866667,0
6.877778,0
6.888889,0
6.9,0
6.911111,0
6.922223,0
6.933333,0
6.944445,0
6.955556,0
6.966667,0
6.977778,0
6.988889,0
7,0
7.011111,0
7.022223,0
7.033333,0
7.044445,0
7.055556,0
7.066667,0
7.077778,0
7.088889,0
7.1,0
7.111111,0
7.122222,0
7.133334,0
7.144444,0
7.155556,0
7.166667,0
7.177778,0
7.188889,0
7.2,0
7.211111,0
7.222222,0
7.233334,0
7.244445,0
7.255556,0
7.266667,0
7.277778,0
7.288889,0
7.3,0
7.311111,0
7.322222,0
7.333333,0
7.344445,0
7.355556,0
7.366667,0
7.377778,0
7.388889,0
7.4,0
7.411111,0
7.422223,0
7.433333,0
7.444445,0
7.455556,0
7.466667,0
7.477778,0
7.488889,0
7.5,0
7.511111,0
7.522223,0
7.533333,0
7.544445,0
7.555556,0
7.566667,0
7.577778,0
7.588889,0
7.6,0
7.611111,0
7.622222,0
7.633334,0
7.644444,0
7.655556,0
7.666667,0
7.677778,0
7.688889,0
7.7,0
7.711111,0
7.722222,0
7.733334,0
7.744445,0
7.755556,0
7.766667,0
7.777778,0
7.788889,0
7.8,0
7.811111,0
7.822222,0
7.833333,0
7.844445,0
7.855556,0
7.866667,0
7.877778,0
7.888889,0
7.9,0
7.911111,0
7.922223,0
7.933333,0
7.944445,0
7.955556,0
7.966667,0
7.977778,0
7.988889,0
8,0
8.011111,0
8.022223,0
8.033334,0
8.044445,0
8.055555,0
8.066667,0
8.077778,0
8.088889,0
8.1,0
8.111112,0
8.122222,0
8.133333,0
8.144444,0
8.155556,0
8.166667,0
8.177778,0
8.18889,0
8.2,0
8.211111,0
8.222222,0
8.233334,0
8.244445,0
8.255556,0
8.266666,0
8.277778,0
8.288889,0
8.3,0
8.311111,0
8.322223,0
8.333334,0
8.344444,0
8.355556,0
8.366667,0
8.377778,0
8.388889,0
8.400001,0
8.411111,0
8.422222,0
8.433333,0
8.444445,0
8.455556,0
8.466667,0
8.477778,0
8.488889,0
8.5,0
8.511111,0
8.522223,0
8.533334,0
8.544445,0
8.555555,0
8.566667,0
8.577778,0
8.588889,0
8.6,0
8.611112,0
8.622223,0
8.633333,0
8.644444,0
8.655556,0
8.666667,0
8.677778,0
8.68889,0
8.7,0
8.711111,0
8.722222,0
8.733334,0
8.744445,0
8.755556,0
8.766666,0
8.777778,0
8.788889,0
8.8,0
8.811111,0
8.822223,0
8.833334,0
8.844444,0
8.855556,0
8.866667,0
8.877778,0
8.888889,0
8.900001,0
8.911111,0
8.922222,0
8.933333,0
8.944445,0
8.955556,0
8.966667,0
8.977778,0
8.988889,0
9,0
9.011111,0
9.022223,0
9.033334,0
9.044445,0
9.055555,0
9.066667,0
9.077778,0
9.088889,0
9.1,0
9.111112,0
9.122223,0
9.133333,0
9.144444,0
9.155556,0
9.166667,0
9.177778,0
9.18889,0
9.2,0
9.211111,0
9.222222,0
9.233334,0
9.244445,0
9.255556,0
9.266667,0
9.277778,0
9.288889,0
9.3,0
9.311111,0
9.322223,0
9.333334,0
9.344444,0
9.355556,0
9.366667,0
9.377778,0
9.388889,0
9.400001,0
9.411111,0
9.422222,0
9.433333,0
9.444445,0
9.455556,0
9.466667,0
9.477778,0
9.488889,0
9.5,0
9.511111,0
9.522223,0
9.533334,0
9.544445,0
9.555555,0
9.566667,0
9.577778,0
9.588889,0
9.6,0
9.611112,0
9.622223,0
9.633333,0
9.644444,0
9.655556,0
9.666667,0
9.677778,0
9.68889,0
9.7,0
9.711111,0
9.722222,0
9.733334,0
9.744445,0
9.755556,0
9.766667,0
9.777778,0
9.788889,0
9.8,0
9.811111,0
9.822223,0
9.833334,0
9.844444,0
9.855556,0
9.866667,0
9.877778,0
9.888889,0
9.900001,0
9.911111,0
9.922222,0
9.933333,0
9.944445,0
9.955556,0
9.966667,0
9.977778,0
9.988889,0
10,0
10.01111,0
10.02222,0
10.03333,0
10.04445,0
10.05556,0
10.06667,0
10.07778,0
10.08889,0
10.1,0
10.11111,0
10.12222,0
10.13333,0
10.14444,0
10.15556,0
10.16667,0
10.17778,0
10.18889,0
10.2,0
10.21111,0
10.22222,0
10.23333,0
10.24444,0
10.25556,0
10.26667,0
10.27778,0
10.28889,0
10.3,0
10.31111,0
10.32222,0
10.33333,0
10.34444,0
10.35556,0
10.36667,0
10.37778,0
10.38889,0
10.4,0
10.41111,0
10.42222,0
10.43333,0
10.44444,0
10.45556,0
10.46667,0
10.47778,0
10.48889,0
10.5,0
10.51111,0
10.52222,0
10.53333,0
10.54445,0
10.55556,0
10.56667,0
10.57778,0
10.58889,0
10.6,0
10.61111,0
10.62222,0
10.63333,0
10.64444,0
10.65556,0
10.66667,0
10.67778,0
10.68889,0
10.7,0
10.71111,0
10.72222,0
10.73333,0
10.74444,0
10.75556,0
10.76667,0
10.77778,0
10.78889,0
10.8,0
10.81111,0
10.82222,0
10.83333,0
10.84444,0
10.85556,0
10.86667,0
10.87778,0
10.88889,0
10.9,0
10.91111,0
10.92222,0
10.93333,0
10.94444,0
10.95556,0
10.96667,0
10.97778,0
10.98889,0
11,0
11.01111,0
11.02222,0
11.03333,0
11.04445,0
11.05556,0
11.06667,0
11.07778,0
11.08889,0
11.1,0
11.11111,0
11.12222,0
11.13333,0
11.14444,0
11.15556,0
11.16667,0
11.17778,0
11.18889,0
11.2,0
11.21111,0
11.22222,0
11.23333,0
11.24444,0
11.25556,0
11.26667,0
11.27778,0
11.28889,0
11.3,0
11.31111,0
11.32222,0
11.33333,0
11.34444,0
11.35556,0
11.36667,0
11.37778,0
11.38889,0
11.4,0
11.41111,0
11.42222,0
11.43333,0
11.44444,0
11.45556,0
11.46667,0
11.47778,0
11.48889,0
11.5,0
11.51111,0
11.52222,0
11.53333,0
11.54445,0
11.55556,0
11.56667,0
11.57778,0
11.58889,0
11.6,0
11.61111,0
11.62222,0
11.63333,0
11.64444,0
11.65556,0
11.66667,0
11.67778,0
11.68889,0
11.7,0
11.71111,0
11.72222,0
11.73333,0
11.74444,0
11.75556,0
11.76667,0
11.77778,0
11.78889,0
11.8,0
11.81111,0
11.82222,0
11.83333,0
11.84444,0
11.85556,0
11.86667,0
11.87778,0
11.88889,0
11.9,0
11.91111,0
11.92222,0
11.93333,0
11.94444,0
11.95556,0
11.96667,0
11.97778,0
11.98889,0
12,0
12.01111,0
12.02222,0
12.03333,0
12.04445,0
12.05556,0
12.06667,0
12.07778,0
12.08889,0
12.1,0
12.11111,0
12.12222,0
12.13333,0
12.14444,0
12.15556,0
12.16667,0
12.17778,0
12.18889,0
12.2,0
12.21111,0
12.22222,0
12.23333,0
12.24444,0
12.25556,0
12.26667,0
12.27778,0
12.28889,0
12.3,0
12.31111,0
12.32222,0
12.33333,0
12.34444,0
12.35556,0
12.36667,0
12.37778,0
12.38889,0
12.4,0
12.41111,0
12.42222,0
12.43333,0
12.44444,0
12.45556,0
12.46667,0
12.47778,0
12.48889,0
12.5,0
12.51111,0
12.52222,0
12.53333,0
12.54445,0
12.55556,0
12.56667,0
12.57778,0
12.58889,0
12.6,0
12.61111,0
12.62222,0
12.63333,0
12.64444,0
12.65556,0
12.66667,0
12.67778,0
12.68889,0
12.7,0
12.71111,0
12.72222,0
12.73333,0
12.74444,0
12.75556,0
12.76667,0
12.77778,0
12.78889,0
12.8,0
12.81111,0
12.82222,0
12.83333,0
12.84445,0
12.85556,0
12.86667,0
12.87778,0
12.88889,0
12.9,0
12.91111,0
12.92222,0
12.93333,0
12.94444,0
12.95556,0
12.96667,0
12.97778,0
12.98889,0
13,0
13.01111,0
13.02222,0
13.03333,0
13.04445,0
13.05556,0
13.06667,0
13.07778,0
13.08889,0
13.1,0
13.11111,0
13.12222,0
13.13333,0
13.14444,0
13.15556,0
13.16667,0
13.17778,0
13.18889,0
13.2,0
13.21111,0
13.22222,0
13.23333,0
13.24444,0
13.25556,0
13.26667,0
13.27778,0
13.28889,0
13.3,0
13.31111,0
13.32222,0
13.33333,0
13.34445,0
13.35556,0
13.36667,0
13.37778,0
13.38889,0
13.4,0
13.41111,0
13.42222,0
13.43333,0
13.44444,0
13.45556,0
13.46667,0
13.47778,0
13.48889,0
13.5,0
13.51111,0
13.52222,0
13.53333,0
13.54445,0
13.55556,0
13.56667,0
13.57778,0
13.58889,0
13.6,0
13.61111,0
13.62222,0
13.63333,0
13.64444,0
13.65556,0
13.66667,0
13.67778,0
13.68889,0
13.7,0
13.71111,0
13.72222,0
13.73333,0
13.74444,0
13.75556,0
13.76667,0
13.77778,0
13.78889,0
13.8,0
13.81111,0
13.82222,0
13.83333,0
13.84445,0
13.85556,0
13.86667,0
13.87778,0
13.88889,0
13.9,0
13.91111,0
13.92222,0
13.93333,0
13.94444,0
13.95556,0
13.96667,0
13.97778,0
13.98889,0
14,0
14.01111,0
14.02222,0
14.03333,0
14.04445,0
14.05556,0
14.06667,0
14.07778,0
14.08889,0
14.1,0
14.11111,0
14.12222,0
14.13333,0
14.14444,0
14.15556,0
14.16667,0
14.17778,0
14.18889,0
14.2,0
14.21111,0
14.22222,0
14.23333,0
14.24444,0
14.25556,0
14.26667,0
14.27778,0
14.28889,0
14.3,0
14.31111,0
14.32222,0
14.33333,0
14.34445,0
14.35556,0
14.36667,0
14.37778,0
14.38889,0
14.4,0
14.41111,0
14.42222,0
14.43333,0
14.44444,0
14.45556,0
14.46667,0
14.47778,0
14.48889,0
14.5,0
14.51111,0
14.52222,0
14.53333,0
14.54445,0
14.55556,0
14.56667,0
14.57778,0
14.58889,0
14.6,0
14.61111,0
14.62222,0
14.63333,0
14.64444,0
14.65556,0
14.66667,0
14.67778,0
14.68889,0
14.7,0
14.71111,0
14.72222,0
14.73333,0
14.74444,0
14.75556,0
14.76667,0
14.77778,0
14.78889,0
14.8,0
14.81111,0
14.82222,0
14.83333,0
14.84445,0
14.85556,0
14.86667,0
14.87778,0
14.88889,0
14.9,0
14.91111,0
14.92222,0
14.93333,0
14.94444,0
14.95556,0
14.96667,0
14.97778,0
14.98889,0
15,0
15.01111,0
15.02222,0
15.03333,0
15.04445,0
15.05556,0
15.06667,0
15.07778,0
15.08889,0
15.1,0
15.11111,0
15.12222,0
15.13333,0
15.14444,0
15.15556,0
15.16667,0
15.17778,0
15.18889,0
15.2,0
15.21111,0
15.22222,0
15.23333,0
15.24444,0
15.25556,0
15.26667,0
15.27778,0
15.28889,0
15.3,0
15.31111,0
15.32222,0
15.33333,0
15.34445,0
15.35556,0
15.36667,0
15.37778,0
15.38889,0
15.4,0
15.41111,0
15.42222,0
15.43333,0
15.44444,0
15.45556,0
15.46667,0
15.47778,0
15.48889,0
15.5,0
15.51111,0
15.52222,0
15.53333,0
15.54445,0
15.55556,0
15.56667,0
15.57778,0
15.58889,0
15.6,0
15.61111,0
15.62222,0
15.63333,0
15.64444,0
15.65556,0
15.66667,0
15.67778,0
15.68889,0
15.7,0
15.71111,0
15.72222,0
15.73333,0
15.74444,0
15.75556,0
15.76667,0
15.77778,0
15.78889,0
15.8,0
15.81111,0
15.82222,0
15.83333,0
15.84445,0
15.85556,0
15.86667,0
15.87778,0
15.88889,0
15.9,0
15.91111,0
15.92222,0
15.93333,0
15.94444,0
15.95556,0
15.96667,0
15.97778,0
15.98889,0
16,0
16.01111,0
16.02222,0
16.03333,0
16.04445,0
16.05556,0
16.06667,0
16.07778,0
16.08889,0
16.1,0
16.11111,0
16.12222,0
16.13333,0
16.14445,0
16.15556,0
16.16667,0
16.17778,0
16.18889,0
16.2,0
16.21111,0
16.22222,0
16.23333,0
16.24444,0
16.25556,0
16.26667,0
16.27778,0
16.28889,0
16.3,0
16.31111,0
16.32222,0
16.33333,0
16.34444,0
16.35556,0
16.36667,0
16.37778,0
16.38889,0
16.4,0
16.41111,0
16.42222,0
16.43333,0
16.44444,0
16.45556,0
16.46667,0
16.47778,0
16.48889,0
16.5,0
16.51111,0
16.52222,0
16.53333,0
16.54445,0
16.55556,0
16.56667,0
16.57778,0
16.58889,0
16.6,0
16.61111,0
16.62222,0
16.63333,0
16.64445,0
16.65556,0
16.66667,0
16.67778,0
16.68889,0
16.7,0
16.71111,0
16.72222,0
16.73333,0
16.74445,0
16.75556,0
16.76667,0
16.77778,0
16.78889,0
16.8,0
16.81111,0
16.82222,0
16.83333,0
16.84444,0
16.85556,0
16.86667,0
16.87778,0
16.88889,0
16.9,0
16.91111,0
16.92222,0
16.93333,0
16.94444,0
16.95556,0
16.96667,0
16.97778,0
16.98889,0
17,0
17.01111,0
17.02222,0
17.03333,0
17.04445,0
17.05556,0
17.06667,0
17.07778,0
17.08889,0
17.1,0
17.11111,0
17.12222,0
17.13333,0
17.14445,0
17.15556,0
17.16667,0
17.17778,0
17.18889,0
17.2,0
17.21111,0
17.22222,0
17.23333,0
17.24445,0
17.25556,0
17.26667,0
17.27778,0
17.28889,0
17.3,0
17.31111,0
17.32222,0
17.33333,0
17.34444,0
17.35556,0
17.36667,0
17.37778,0
17.38889,0
17.4,0
17.41111,0
17.42222,0
17.43333,0
17.44444,0
17.45556,0
17.46667,0
17.47778,0
17.48889,0
17.5,0
17.51111,0
17.52222,0
17.53333,0
17.54445,0
17.55556,0
17.56667,0
17.57778,0
17.58889,0
17.6,0
17.61111,0
17.62222,0
17.63333,0
17.64445,0
17.65556,0
17.66667,0
17.67778,0
17.68889,0
17.7,0
17.71111,0
17.72222,0
17.73333,0
17.74445,0
17.75556,0
17.76667,0
17.77778,0
17.78889,0
17.8,0
17.81111,0
17.82222,0
17.83333,0
17.84444,0
17.85556,0
17.86667,0
17.87778,0
17.88889,0
17.9,0
17.91111,0
17.92222,0
17.93333,0
17.94444,0
17.95556,0
17.96667,0
17.97778,0
17.98889,0
18,0
18.01111,0
18.02222,0
18.03333,0
18.04445,0
18.05556,0
18.06667,0
18.07778,0
18.08889,0
18.1,0
18.11111,0
18.12222,0
18.13333,0
18.14445,0
18.15556,0
18.16667,0
18.17778,0
18.18889,0
18.2,0
18.21111,0
18.22222,0
18.23333,0
18.24445,0
18.25556,0
18.26667,0
18.27778,0
18.28889,0
18.3,0
18.31111,0
18.32222,0
18.33333,0
18.34444,0
18.35556,0
18.36667,0
18.37778,0
18.38889,0
18.4,0
18.41111,0
18.42222,0
18.43333,0
18.44444,0
18.45556,0
18.46667,0
18.47778,0
18.48889,0
18.5,0
18.51111,0
18.52222,0
18.53333,0
18.54445,0
18.55556,0
18.56667,0
18.57778,0
18.58889,0
18.6,0
18.61111,0
18.62222,0
18.63333,0
18.64445,0
18.65556,0
18.66667,0
18.67778,0
18.68889,0
18.7,0
18.71111,0
18.72222,0
18.73333,0
18.74445,0
18.75556,0
18.76667,0
18.77778,0
18.78889,0
18.8,0
18.81111,0
18.82222,0
18.83333,0
18.84444,0
18.85556,0
18.86667,0
18.87778,0
18.88889,0
18.9,0
18.91111,0
18.92222,0
18.93333,0
18.94444,0
18.95556,0
18.96667,0
18.97778,0
18.98889,0
19,0
19.01111,0
19.02222,0
19.03333,0
19.04445,0
19.05556,0
19.06667,0
19.07778,0
19.08889,0
19.1,0
19.11111,0
19.12222,0
19.13333,0
19.14445,0
19.15556,0
19.16667,0
19.17778,0
19.18889,0
19.2,0
19.21111,0
19.22222,0
19.23333,0
19.24445,0
19.25556,0
19.26667,0
19.27778,0
19.28889,0
19.3,0
19.31111,0
19.32222,0
19.33333,0
19.34444,0
19.35556,0
19.36667,0
19.37778,0
19.38889,0
19.4,0
19.41111,0
19.42222,0
19.43333,0
19.44444,0
19.45556,0
19.46667,0
19.47778,0
19.48889,0
19.5,0
19.51111,0
19.52222,0
19.53333,0
19.54445,0
19.55556,0
19.56667,0
19.57778,0
19.58889,0
19.6,0
19.61111,0
19.62222,0
19.63333,0
19.64445,0
19.65556,0
19.66667,0
19.67778,0
19.68889,0
19.7,0
19.71111,0
19.72222,0
19.73333,0
19.74445,0
19.75556,0
19.76667,0
19.77778,0
19.78889,0
19.8,0
19.81111,0
19.82222,0
19.83333,0
19.84444,0
19.85556,0
19.86667,0
19.87778,0
19.88889,0
19.9,0
19.91111,0
19.92222,0
19.93333,0
19.94444,0
19.95556,0
19.96667,0
19.97778,0
19.98889,0
20,0
20.01111,0
20.02222,0
20.03333,0
20.04445,0
20.05556,0
20.06667,0
20.07778,0
20.08889,0
20.1,0
20.11111,0
20.12222,0
20.13333,0
20.14445,0
20.15556,0
20.16667,0
20.17778,0
20.18889,0
20.2,0
20.21111,0
20.22222,0
20.23333,0
20.24445,0
20.25556,0
20.26667,0
20.27778,0
20.28889,0
20.3,0
20.31111,0
20.32222,0
20.33333,0
20.34444,0
20.35556,0
20.36667,0
20.37778,0
20.38889,0
20.4,0
20.41111,0
20.42222,0
20.43333,0
20.44444,0
20.45556,0
20.46667,0
20.47778,0
20.48889,0
20.5,0
20.51111,0
20.52222,0
20.53333,0
20.54445,0
20.55556,0
20.56667,0
20.57778,0
20.58889,0
20.6,0
20.61111,0
20.62222,0
20.63333,0
20.64445,0
20.65556,0
20.66667,0
20.67778,0
20.68889,0
20.7,0
20.71111,0
20.72222,0
20.73333,0
20.74445,0
20.75556,0
20.76667,0
20.77778,0
20.78889,0
20.8,0
20.81111,0
20.82222,0
20.83333,0
20.84444,0
20.85556,0
20.86667,0
20.87778,0
20.88889,0
20.9,0
20.91111,0
20.92222,0
20.93333,0
20.94444,0
20.95556,0
20.96667,0
20.97778,0
20.98889,0
21,0
21.01111,0
21.02222,0
21.03333,0
21.04445,0
21.05556,0
21.06667,0
21.07778,0
21.08889,0
21.1,0
21.11111,0
21.12222,0
21.13333,0
21.14445,0
21.15556,0
21.16667,0
21.17778,0
21.18889,0
21.2,0
21.21111,0
21.22222,0
21.23333,0
21.24445,0
21.25556,0
21.26667,0
21.27778,0
21.28889,0
21.3,0
21.31111,0
21.32222,0
21.33333,0
21.34444,0
21.35556,0
21.36667,0
21.37778,0
21.38889,0
21.4,0
21.41111,0
21.42222,0
21.43333,0
21.44444,0
21.45556,0
21.46667,0
21.47778,0
21.48889,0
21.5,0
21.51111,0
21.52222,0
21.53333,0
21.54445,0
21.55556,0
21.56667,0
21.57778,0
21.58889,0
21.6,0
21.61111,0
21.62222,0
21.63333,0
21.64445,0
21.65556,0
21.66667,0
21.67778,0
21.68889,0
21.7,0
21.71111,0
21.72222,0
21.73333,0
21.74445,0
21.75556,0
21.76667,0
21.77778,0
21.78889,0
21.8,0
21.81111,0
21.82222,0
21.83333,0
21.84444,0
21.85556,0
21.86667,0
21.87778,0
21.88889,0
21.9,0
21.91111,0
21.92222,0
21.93333,0
21.94444,0
21.95556,0
21.96667,0
21.97778,0
21.98889,0
22,0
22.01111,0
22.02222,0
22.03333,0
22.04445,0
22.05556,0
22.06667,0
22.07778,0
22.08889,0
22.1,0
22.11111,0
22.12222,0
22.13333,0
22.14445,0
22.15556,0
22.16667,0
22.17778,0
22.18889,0
22.2,0
22.21111,0
22.22222,0
22.23333,0
22.24445,0
22.25556,0
22.26667,0
22.27778,0
22.28889,0
22.3,0
22.31111,0
22.32222,0
22.33333,0
22.34444,0
22.35556,0
22.36667,0
22.37778,0
22.38889,0
22.4,0
22.41111,0
22.42222,0
22.43333,0
22.44444,0
22.45556,0
22.46667,0
22.47778,0
22.48889,0
22.5,0
22.51111,0
22.52222,0
22.53333,0
22.54445,0
22.55556,0
22.56667,0
22.57778,0
22.58889,0
22.6,0
22.61111,0
22.62222,0
22.63333,0
22.64445,0
22.65556,0
22.66667,0
22.67778,0
22.68889,0
22.7,0
22.71111,0
22.72222,0
22.73333,0
22.74445,0
22.75556,0
22.76667,0
22.77778,0
22.78889,0
22.8,0
22.81111,0
22.82222,0
22.83333,0
22.84444,0
22.85556,0
22.86667,0
22.87778,0
22.88889,0
22.9,0
22.91111,0
22.92222,0
22.93333,0
22.94444,0
22.95556,0
22.96667,0
22.97778,0
22.98889,0
23,0
23.01111,0
23.02222,0
23.03333,0
23.04445,0
23.05556,0
23.06667,0
23.07778,0
23.08889,0
23.1,0
23.11111,0
23.12222,0
23.13333,0
23.14445,0
23.15556,0
23.16667,0
23.17778,0
23.18889,0
23.2,0
23.21111,0
23.22222,0
23.23333,0
23.24445,0
23.25556,0
23.26667,0
23.27778,0
23.28889,0
23.3,0
23.31111,0
23.32222,0
23.33333,0
23.34444,0
23.35556,0
23.36667,0
23.37778,0
23.38889,0
23.4,0
23.41111,0
23.42222,0
23.43333,0
23.44444,0
23.45556,0
23.46667,0
23.47778,0
23.48889,0
23.5,0
23.51111,0
23.52222,0
23.53333,0
23.54445,0
23.55556,0
23.56667,0
23.57778,0
23.58889,0
23.6,0
23.61111,0
23.62222,0
23.63333,0
23.64445,0
23.65556,0
23.66667,0
23.67778,0
23.68889,0
23.7,0
23.71111,0
23.72222,0
23.73333,0
23.74445,0
23.75556,0
23.76667,0
23.77778,0
23.78889,0
23.8,0
23.81111,0
23.82222,0
23.83333,0
23.84444,0
23.85556,0
23.86667,0
23.87778,0
23.88889,0
23.9,0
23.91111,0
23.92222,0
23.93333,0
23.94444,0
23.95556,0
23.96667,0
23.97778,0
23.98889,0
24,0
24.01111,0
24.02222,0
24.03333,0
24.04445,0
24.05556,0
24.06667,0
24.07778,0
24.08889,0
24.1,0
24.11111,0
24.12222,0
24.13333,0
24.14445,0
24.15556,0
24.16667,0
24.17778,0
24.18889,0
24.2,0
24.21111,0
24.22222,0
24.23333,0
24.24445,0
24.25556,0
24.26667,0
24.27778,0
24.28889,0
24.3,0
24.31111,0
24.32222,0
24.33333,0
24.34444,0
24.35556,0
24.36667,0
24.37778,0
24.38889,0
24.4,0
24.41111,0
24.42222,0
24.43333,0
24.44444,0
24.45556,0
24.46667,0
24.47778,0
24.48889,0
24.5,0
24.51111,0
24.52222,0
24.53333,0
24.54445,0
24.55556,0
24.56667,0
24.57778,0
24.58889,0
24.6,0
24.61111,0
24.62222,0
24.63333,0
24.64445,0
24.65556,0
24.66667,0
24.67778,0
24.68889,0
24.7,0
24.71111,0
24.72222,0
24.73333,0
24.74445,0
24.75556,0
24.76667,0
24.77778,0
24.78889,0
24.8,0
24.81111,0
24.82222,0
24.83333,0
24.84444,0
24.85556,0
24.86667,0
24.87778,0
24.88889,0
24.9,0
24.91111,0
24.92222,0
24.93333,0
24.94444,0
24.95556,0
24.96667,0
24.97778,0
24.98889,0
25,0
25.01111,0
25.02222,0
25.03333,0
25.04445,0
25.05556,0
25.06667,0
25.07778,0
25.08889,0
25.1,0
25.11111,0
25.12222,0
25.13333,0
25.14445,0
25.15556,0
25.16667,0
25.17778,0
25.18889,0
25.2,0
25.21111,0
25.22222,0
25.23333,0
25.24445,0
25.25556,0
25.26667,0
25.27778,0
25.28889,0
25.3,0
25.31111,0
25.32222,0
25.33333,0
25.34444,0
25.35556,0
25.36667,0
25.37778,0
25.38889,0
25.4,0
25.41111,0
25.42222,0
25.43333,0
25.44444,0
25.45556,0
25.46667,0
25.47778,0
25.48889,0
25.5,0
25.51111,0
25.52222,0
25.53333,0
25.54445,0
25.55556,0
25.56667,0
25.57778,0
25.58889,0
25.6,0
25.61111,0
25.62222,0
25.63333,0
25.64445,0
25.65556,0
25.66667,0
25.67778,0
25.68889,0
25.7,0
25.71111,0
25.72222,0
25.73333,0
25.74445,0
25.75556,0
25.76667,0
25.77778,0
25.78889,0
25.8,0
25.81111,0
25.82222,0
25.83333,0
25.84444,0
25.85556,0
25.86667,0
25.87778,0
25.88889,0
25.9,0
25.91111,0
25.92222,0
25.93333,0
25.94444,0
25.95556,0
25.96667,0
25.97778,0
25.98889,0
26,0
26.01111,0
26.02222,0
26.03333,0
26.04445,0
26.05556,0
26.06667,0
26.07778,0
26.08889,0
26.1,0
26.11111,0
26.12222,0
26.13333,0
26.14445,0
26.15556,0
26.16667,0
26.17778,0
26.18889,0
26.2,0
26.21111,0
26.22222,0
26.23333,0
26.24445,0
26.25556,0
26.26667,0
26.27778,0
26.28889,0
26.3,0
26.31111,0
26.32222,0
26.33333,0
26.34444,0
26.35556,0
26.36667,0
26.37778,0
26.38889,0
26.4,0
26.41111,0
26.42222,0
26.43333,0
26.44444,0
26.45556,0
26.46667,0
26.47778,0
26.48889,0
26.5,0
26.51111,0
26.52222,0
26.53333,0
26.54445,0
26.55556,0
26.56667,0
26.57778,0
26.58889,0
26.6,0
26.61111,0
26.62222,0
26.63333,0
26.64445,0
26.65556,0
26.66667,0
26.67778,0
26.68889,0
26.7,0
26.71111,0
26.72222,0
26.73333,0
26.74445,0
26.75556,0
26.76667,0
26.77778,0
26.78889,0
26.8,0
26.81111,0
26.82222,0
26.83333,0
26.84444,0
26.85556,0
26.86667,0
26.87778,0
26.88889,0
26.9,0
26.91111,0
26.92222,0
26.93333,0
26.94444,0
26.95556,0
26.96667,0
26.97778,0
26.98889,0
27,0
27.01111,0
27.02222,0
27.03333,0
27.04445,0
27.05556,0
27.06667,0
27.07778,0
27.08889,0
27.1,0
27.11111,0
27.12222,0
27.13333,0
27.14445,0
27.15556,0
27.16667,0
27.17778,0
27.18889,0
27.2,0
27.21111,0
27.22222,0
27.23333,0
27.24445,0
27.25556,0
27.26667,0
27.27778,0
27.28889,0
27.3,0
27.31111,0
27.32222,0
27.33333,0
27.34444,0
27.35556,0
27.36667,0
27.37778,0
27.38889,0
27.4,0
27.41111,0
27.42222,0
27.43333,0
27.44444,0
27.45556,0
27.46667,0
27.47778,0
27.48889,0
27.5,0
27.51111,0
27.52222,0
27.53333,0
27.54445,0
27.55556,0
27.56667,0
27.57778,0
27.58889,0
27.6,0
27.61111,0
27.62222,0
27.63333,0
27.64445,0
27.65556,0
27.66667,0
27.67778,0
27.68889,0
27.7,0
27.71111,0
27.72222,0
27.73333,0
27.74445,0
27.75556,0
27.76667,0
27.77778,0
27.78889,0
27.8,0
27.81111,0
27.82222,0
27.83333,0
27.84444,0
27.85556,0
27.86667,0
27.87778,0
27.88889,0
27.9,0
27.91111,0
27.92222,0
27.93333,0
27.94444,0
27.95556,0
27.96667,0
27.97778,0
27.98889,0
28,0
28.01111,0
28.02222,0
28.03333,0
28.04445,0
28.05556,0
28.06667,0
28.07778,0
28.08889,0
28.1,0
28.11111,0
28.12222,0
28.13333,0
28.14445,0
28.15556,0
28.16667,0
28.17778,0
28.18889,0
28.2,0
28.21111,0
28.22222,0
28.23333,0
28.24445,0
28.25556,0
28.26667,0
28.27778,0
28.28889,0
28.3,0
28.31111,0
28.32222,0
28.33333,0
28.34444,0
28.35556,0
28.36667,0
28.37778,0
28.38889,0
28.4,0
28.41111,0
28.42222,0
28.43333,0
28.44444,0
28.45556,0
28.46667,0
28.47778,0
28.48889,0
28.5,0
28.51111,0
28.52222,0
28.53333,0
28.54445,0
28.55556,0
28.56667,0
28.57778,0
28.58889,0
28.6,0
28.61111,0
28.62222,0
28.63333,0
28.64445,0
28.65556,0
28.66667,0
28.67778,0
28.68889,0
28.7,0
28.71111,0
28.72222,0
28.73333,0
28.74445,0
28.75556,0
28.76667,0
28.77778,0
28.78889,0
28.8,0
28.81111,0
28.82222,0
28.83333,0
28.84444,0
28.85556,0
28.86667,0
28.87778,0
28.88889,0
28.9,0
28.91111,0
28.92222,0
28.93333,0
28.94444,0
28.95556,0
28.96667,0
28.97778,0
28.98889,0
29,0
29.01111,0
29.02222,0
29.03333,0
29.04445,0
29.05556,0
29.06667,0
29.07778,0
29.08889,0
29.1,0
29.11111,0
29.12222,0
29.13333,0
29.14445,0
29.15556,0
29.16667,0
29.17778,0
29.18889,0
29.2,0
29.21111,0
29.22222,0
29.23333,0
29.24445,0
29.25556,0
29.26667,0
29.27778,0
29.28889,0
29.3,0
29.31111,0
29.32222,0
29.33333,0
29.34444,0
29.35556,0
29.36667,0
29.37778,0
29.38889,0
29.4,0
29.41111,0
29.42222,0
29.43333,0
29.44444,0
29.45556,0
29.46667,0
29.47778,0
29.48889,0
29.5,0
29.51111,0
29.52222,0
29.53333,0
29.54445,0
29.55556,0
29.56667,0
29.57778,0
29.58889,0
29.6,0
29.61111,0
29.62222,0
29.63333,0
29.64445,0
29.65556,0
29.66667,0
29.67778,0
29.68889,0
29.7,0
29.71111,0
29.72222,0
29.73333,0
29.74445,0
29.75556,0
29.76667,0
29.77778,0
29.78889,0
29.8,0
29.81111,0
29.82222,0
29.83333,0
29.84444,0
29.85556,0
29.86667,0
29.87778,0
29.88889,0
29.9,0
29.91111,0
29.92222,0
29.93333,0
29.94444,0
29.95556,0
29.96667,0
29.97778,0
29.98889,0
30,0
30.01111,0
30.02222,0
30.03333,0
30.04445,0
30.05556,0
30.06667,0
30.07778,0
30.08889,0
30.1,0
30.11111,0
30.12222,0
30.13333,0
30.14445,0
30.15556,0
30.16667,0
30.17778,0
30.18889,0
30.2,0
30.21111,0
30.22222,0
30.23333,0
30.24445,0
30.25556,0
30.26667,0
30.27778,0
30.28889,0
30.3,0
30.31111,0
30.32222,0
30.33333,0
30.34444,0
30.35556,0
30.36667,0
30.37778,0
30.38889,0
30.4,0
30.41111,0
30.42222,0
30.43333,0
30.44444,0
30.45556,0
30.46667,0
30.47778,0
30.48889,0
30.5,0
30.51111,0
30.52222,0
30.53333,0
30.54445,0
30.55556,0
30.56667,0
30.57778,0
30.58889,0
30.6,0
30.61111,0
30.62222,0
30.63333,0
30.64445,0
30.65556,0
30.66667,0
30.67778,0
30.68889,0
30.7,0
30.71111,0
30.72222,0
30.73333,0
30.74445,0
30.75556,0
30.76667,0
30.77778,0
30.78889,0
30.8,0
30.81111,0
30.82222,0
30.83333,0
30.84444,0
30.85556,0
30.86667,0
30.87778,0
30.88889,0
30.9,0
30.91111,0
30.92222,0
30.93333,0
30.94444,0
30.95556,0
30.96667,0
30.97778,0
30.98889,0
31,0
31.01111,0
31.02222,0
31.03333,0
31.04445,0
31.05556,0
31.06667,0
31.07778,0
31.08889,0
31.1,0
31.11111,0
31.12222,0
31.13333,0
31.14445,0
31.15556,0
31.16667,0
31.17778,0
31.18889,0
31.2,0
31.21111,0
31.22222,0
31.23333,0
31.24445,0
31.25556,0
31.26667,0
31.27778,0
31.28889,0
31.3,0
31.31111,0
31.32222,0
31.33333,0
31.34444,0
31.35556,0
31.36667,0
31.37778,0
31.38889,0
31.4,0
31.41111,0
31.42222,0
31.43333,0
31.44444,0
31.45556,0
31.46667,0
31.47778,0
31.48889,0
31.5,0
31.51111,0
31.52222,0
31.53333,0
31.54445,0
31.55556,0
31.56667,0
31.57778,0
31.58889,0
31.6,0
31.61111,0
31.62222,0
31.63333,0
31.64445,0
31.65556,0
31.66667,0
31.67778,0
31.68889,0
31.7,0
31.71111,0
31.72222,0
31.73333,0
31.74445,0
31.75556,0
31.76667,0
31.77778,0
31.78889,0
31.8,0
31.81111,0
31.82222,0
31.83333,0
31.84444,0
31.85556,0
31.86667,0
31.87778,0
31.88889,0
31.9,0
31.91111,0
31.92222,0
31.93333,0
31.94444,0
31.95556,0
31.96667,0
31.97778,0
31.98889,0
32,0
32.01111,0
32.02222,0
32.03333,0
32.04445,0
32.05556,0
32.06667,0
32.07778,0
32.08889,0
32.1,0
32.11111,0
32.12222,0
32.13334,0
32.14444,0
32.15556,0
32.16667,0
32.17778,0
32.18889,0
32.2,0
32.21111,0
32.22222,0
32.23333,0
32.24445,0
32.25556,0
32.26667,0
32.27778,0
32.28889,0
32.3,0
32.31111,0
32.32222,0
32.33334,0
32.34444,0
32.35556,0
32.36667,0
32.37778,0
32.38889,0
32.4,0
32.41111,0
32.42222,0
32.43333,0
32.44445,0
32.45555,0
32.46667,0
32.47778,0
32.48889,0
32.5,0
32.51111,0
32.52222,0
32.53333,0
32.54445,0
32.55556,0
32.56667,0
32.57778,0
32.58889,0
32.6,0
32.61111,0
32.62222,0
32.63334,0
32.64444,0
32.65556,0
32.66667,0
32.67778,0
32.68889,0
32.7,0
32.71111,0
32.72222,0
32.73333,0
32.74445,0
32.75556,0
32.76667,0
32.77778,0
32.78889,0
32.8,0
32.81111,0
32.82222,0
32.83334,0
32.84444,0
32.85556,0
32.86667,0
32.87778,0
32.88889,0
32.9,0
32.91111,0
32.92222,0
32.93333,0
32.94445,0
32.95555,0
32.96667,0
32.97778,0
32.98889,0
33,0
33.01111,0
33.02222,0
33.03333,0
33.04445,0
33.05556,0
33.06667,0
33.07778,0
33.08889,0
33.1,0
33.11111,0
33.12222,0
33.13334,0
33.14444,0
33.15556,0
33.16667,0
33.17778,0
33.18889,0
33.2,0
33.21111,0
33.22222,0
33.23333,0
33.24445,0
33.25556,0
33.26667,0
33.27778,0
33.28889,0
33.3,0
33.31111,0
33.32222,0
33.33334,0
33.34444,0
33.35556,0
33.36667,0
33.37778,0
33.38889,0
33.4,0
33.41111,0
33.42222,0
33.43333,0
33.44445,0
33.45555,0
33.46667,0
33.47778,0
33.48889,0
33.5,0
33.51111,0
33.52222,0
33.53333,0
33.54445,0
33.55556,0
33.56667,0
33.57778,0
33.58889,0
33.6,0
33.61111,0
33.62222,0
33.63334,0
33.64444,0
33.65556,0
33.66667,0
33.67778,0
33.68889,0
33.7,0
33.71111,0
33.72222,0
33.73333,0
33.74445,0
33.75556,0
33.76667,0
33.77778,0
33.78889,0
33.8,0
33.81111,0
33.82222,0
33.83334,0
33.84444,0
33.85556,0
33.86667,0
33.87778,0
33.88889,0
33.9,0
33.91111,0
33.92222,0
33.93333,0
33.94445,0
33.95555,0
33.96667,0
33.97778,0
33.98889,0
34,0
34.01111,0
34.02222,0
34.03333,0
34.04445,0
34.05556,0
34.06667,0
34.07778,0
34.08889,0
34.1,0
34.11111,0
34.12222,0
34.13334,0
34.14444,0
34.15556,0
34.16667,0
34.17778,0
34.18889,0
34.2,0
34.21111,0
34.22222,0
34.23333,0
34.24445,0
34.25556,0
34.26667,0
34.27778,0
34.28889,0
34.3,0
34.31111,0
34.32222,0
34.33334,0
34.34444,0
34.35556,0
34.36667,0
34.37778,0
34.38889,0
34.4,0
34.41111,0
34.42222,0
34.43333,0
34.44445,0
34.45555,0
34.46667,0
34.47778,0
34.48889,0
34.5,0
34.51111,0
34.52222,0
34.53333,0
34.54445,0
34.55556,0
34.56667,0
34.57778,0
34.58889,0
34.6,0
34.61111,0
34.62222,0
34.63334,0
34.64444,0
34.65556,0
34.66667,0
34.67778,0
34.68889,0
34.7,0
34.71111,0
34.72222,0
34.73333,0
34.74445,0
34.75556,0
34.76667,0
34.77778,0
34.78889,0
34.8,0
34.81111,0
34.82222,0
34.83334,0
34.84444,0
34.85556,0
34.86667,0
34.87778,0
34.88889,0
34.9,0
34.91111,0
34.92222,0
34.93333,0
34.94445,0
34.95555,0
34.96667,0
34.97778,0
34.98889,0
35,0
35.01111,0
35.02222,0
35.03333,0
35.04445,0
35.05556,0
35.06667,0
35.07778,0
35.08889,0
35.1,0
35.11111,0
35.12222,0
35.13334,0
35.14444,0
35.15556,0
35.16667,0
35.17778,0
35.18889,0
35.2,0
35.21111,0
35.22222,0
35.23333,0
35.24445,0
35.25556,0
35.26667,0
35.27778,0
35.28889,0
35.3,0
35.31111,0
35.32222,0
35.33334,0
35.34444,0
35.35556,0
35.36667,0
35.37778,0
35.38889,0
35.4,0
35.41111,0
35.42222,0
35.43333,0
35.44445,0
35.45555,0
35.46667,0
35.47778,0
35.48889,0
35.5,0
35.51111,0
35.52222,0
35.53333,0
35.54445,0
35.55556,0
35.56667,0
35.57778,0
35.58889,0
35.6,0
35.61111,0
35.62222,0
35.63334,0
35.64444,0
35.65556,0
35.66667,0
35.67778,0
35.68889,0
35.7,0
35.71111,0
35.72222,0
35.73333,0
35.74445,0
35.75556,0
35.76667,0
35.77778,0
35.78889,0
35.8,0
35.81111,0
35.82222,0
35.83334,0
35.84444,0
35.85556,0
35.86667,0
35.87778,0
35.88889,0
35.9,0
35.91111,0
35.92222,0
35.93333,0
35.94445,0
35.95555,0
35.96667,0
35.97778,0
35.98889,0
36,0
36.01111,0
36.02222,0
36.03333,0
36.04445,0
36.05556,0
36.06667,0
36.07778,0
36.08889,0
36.1,0
36.11111,0
36.12222,0
36.13334,0
36.14444,0
36.15556,0
36.16667,0
36.17778,0
36.18889,0
36.2,0
36.21111,0
36.22222,0
36.23333,0
36.24445,0
36.25556,0
36.26667,0
36.27778,0
36.28889,0
36.3,0
36.31111,0
36.32222,0
36.33334,0
36.34444,0
36.35556,0
36.36667,0
36.37778,0
36.38889,0
36.4,0
36.41111,0
36.42222,0
36.43333,0
36.44445,0
36.45555,0
36.46667,0
36.47778,0
36.48889,0
36.5,0
36.51111,0
36.52222,0
36.53333,0
36.54445,0
36.55556,0
36.56667,0
36.57778,0
36.58889,0
36.6,0
36.61111,0
36.62222,0
36.63334,0
36.64444,0
36.65556,0
36.66667,0
36.67778,0
36.68889,0
36.7,0
36.71111,0
36.72222,0
36.73333,0
36.74445,0
36.75556,0
36.76667,0
36.77778,0
36.78889,0
36.8,0
36.81111,0
36.82222,0
36.83334,0
36.84444,0
36.85556,0
36.86667,0
36.87778,0
36.88889,0
36.9,0
36.91111,0
36.92222,0
36.93333,0
36.94445,0
36.95555,0
36.96667,0
36.97778,0
36.98889,0
37,0
37.01111,0
37.02222,0
37.03333,0
37.04445,0
37.05556,0
37.06667,0
37.07778,0
37.08889,0
37.1,0
37.11111,0
37.12222,0
37.13334,0
37.14444,0
37.15556,0
37.16667,0
37.17778,0
37.18889,0
37.2,0
37.21111,0
37.22222,0
37.23333,0
37.24445,0
37.25556,0
37.26667,0
37.27778,0
37.28889,0
37.3,0
37.31111,0
37.32222,0
37.33334,0
37.34444,0
37.35556,0
37.36667,0
37.37778,0
37.38889,0
37.4,0
37.41111,0
37.42222,0
37.43333,0
37.44445,0
37.45555,0
37.46667,0
37.47778,0
37.48889,0
37.5,0
37.51111,0
37.52222,0
37.53333,0
37.54445,0
37.55556,0
37.56667,0
37.57778,0
37.58889,0
37.6,0
37.61111,0
37.62222,0
37.63334,0
37.64444,0
37.65556,0
37.66667,0
37.67778,0
37.68889,0
37.7,0
37.71111,0
37.72222,0
37.73333,0
37.74445,0
37.75556,0
37.76667,0
37.77778,0
37.78889,0
37.8,0
37.81111,0
37.82222,0
37.83334,0
37.84444,0
37.85556,0
37.86667,0
37.87778,0
37.88889,0
37.9,0
37.91111,0
37.92222,0
37.93333,0
37.94445,0
37.95555,0
37.96667,0
37.97778,0
37.98889,0
38,0
38.01111,0
38.02222,0
38.03333,0
38.04445,0
38.05556,0
38.06667,0
38.07778,0
38.08889,0
38.1,0
38.11111,0
38.12222,0
38.13334,0
38.14444,0
38.15556,0
38.16667,0
38.17778,0
38.18889,0
38.2,0
38.21111,0
38.22222,0
38.23333,0
38.24445,0
38.25556,0
38.26667,0
38.27778,0
38.28889,0
38.3,0
38.31111,0
38.32222,0
38.33334,0
38.34444,0
38.35556,0
38.36667,0
38.37778,0
38.38889,0
38.4,0
38.41111,0
38.42222,0
38.43333,0
38.44445,0
38.45555,0
38.46667,0
38.47778,0
38.48889,0
38.5,0
38.51111,0
38.52222,0
38.53333,0
38.54445,0
38.55556,0
38.56667,0
38.57778,0
38.58889,0
38.6,0
38.61111,0
38.62222,0
38.63334,0
38.64444,0
38.65556,0
38.66667,0
38.67778,0
38.68889,0
38.7,0
38.71111,0
38.72222,0
38.73333,0
38.74445,0
38.75556,0
38.76667,0
38.77778,0
38.78889,0
38.8,0
38.81111,0
38.82222,0
38.83334,0
38.84444,0
38.85556,0
38.86667,0
38.87778,0
38.88889,0
38.9,0
38.91111,0
38.92222,0
38.93333,0
38.94445,0
38.95555,0
38.96667,0
38.97778,0
38.98889,0
39,0
39.01111,0
39.02222,0
39.03333,0
39.04445,0
39.05556,0
39.06667,0
39.07778,0
39.08889,0
39.1,0
39.11111,0
39.12222,0
39.13334,0
39.14444,0
39.15556,0
39.16667,0
39.17778,0
39.18889,0
39.2,0
39.21111,0
39.22222,0
39.23333,0
39.24445,0
39.25556,0
39.26667,0
39.27778,0
39.28889,0
39.3,0
39.31111,0
39.32222,0
39.33334,0
39.34444,0
39.35556,0
39.36667,0
39.37778,0
39.38889,0
39.4,0
39.41111,0
39.42222,0
39.43333,0
39.44445,0
39.45555,0
39.46667,0
39.47778,0
39.48889,0
39.5,0
39.51111,0
39.52222,0
39.53333,0
39.54445,0
39.55556,0
39.56667,0
39.57778,0
39.58889,0
39.6,0
39.61111,0
39.62222,0
39.63334,0
39.64444,0
39.65556,0
39.66667,0
39.67778,0
39.68889,0
39.7,0
39.71111,0
39.72222,0
39.73333,0
39.74445,0
39.75556,0
39.76667,0
39.77778,0
39.78889,0
39.8,0
39.81111,0
39.82222,0
39.83334,0
39.84444,0
39.85556,0
39.86667,0
39.87778,0
39.88889,0
39.9,0
39.91111,0
39.92222,0
39.93333,0
39.94445,0
39.95555,0
39.96667,0
39.97778,0
39.98889,0
40,0
40.01111,0
40.02222,0
40.03333,0
40.04445,0
40.05556,0
40.06667,0
40.07778,0
40.08889,0
40.1,0
40.11111,0
40.12222,0
40.13334,0
40.14444,0
40.15556,0
40.16667,0
40.17778,0
40.18889,0
40.2,0
40.21111,0
40.22222,0
40.23333,0
40.24445,0
40.25556,0
40.26667,0
40.27778,0
40.28889,0
40.3,0
40.31111,0
40.32222,0
40.33334,0
40.34444,0
40.35556,0
40.36667,0
40.37778,0
40.38889,0
40.4,0
40.41111,0
40.42222,0
40.43333,0
40.44445,0
40.45555,0
40.46667,0
40.47778,0
40.48889,0
40.5,0
40.51111,0
40.52222,0
40.53333,0
40.54445,0
40.55556,0
40.56667,0
40.57778,0
40.58889,0
40.6,0
40.61111,0
40.62222,0
40.63334,0
40.64445,0
40.65556,0
40.66667,0
40.67778,0
40.68889,0
40.7,0
40.71111,0
40.72222,0
40.73333,0
40.74445,0
40.75556,0
40.76667,0
40.77778,0
40.78889,0
40.8,0
40.81111,0
40.82222,0
40.83334,0
40.84444,0
40.85556,0
40.86667,0
40.87778,0
40.88889,0
40.9,0
40.91111,0
40.92222,0
40.93333,0
40.94445,0
40.95555,0
40.96667,0
40.97778,0
40.98889,0
41,0
41.01111,0
41.02222,0
41.03333,0
41.04445,0
41.05556,0
41.06667,0
41.07778,0
41.08889,0
41.1,0
41.11111,0
41.12222,0
41.13334,0
41.14445,0
41.15556,0
41.16667,0
41.17778,0
41.18889,0
41.2,0
41.21111,0
41.22222,0
41.23333,0
41.24445,0
41.25556,0
41.26667,0
41.27778,0
41.28889,0
41.3,0
41.31111,0
41.32222,0
41.33334,0
41.34444,0
41.35556,0
41.36667,0
41.37778,0
41.38889,0
41.4,0
41.41111,0
41.42222,0
41.43333,0
41.44445,0
41.45555,0
41.46667,0
41.47778,0
41.48889,0
41.5,0
41.51111,0
41.52222,0
41.53333,0
41.54445,0
41.55556,0
41.56667,0
41.57778,0
41.58889,0
41.6,0
41.61111,0
41.62222,0
41.63334,0
41.64445,0
41.65556,0
41.66667,0
41.67778,0
41.68889,0
41.7,0
41.71111,0
41.72222,0
41.73333,0
41.74445,0
41.75556,0
41.76667,0
41.77778,0
41.78889,0
41.8,0
41.81111,0
41.82222,0
41.83334,0
41.84444,0
41.85556,0
41.86667,0
41.87778,0
41.88889,0
41.9,0
41.91111,0
41.92222,0
41.93333,0
41.94445,0
41.95555,0
41.96667,0
41.97778,0
41.98889,0
42,0
42.01111,0
42.02222,0
42.03333,0
42.04445,0
42.05556,0
42.06667,0
42.07778,0
42.08889,0
42.1,0
42.11111,0
42.12222,0
42.13334,0
42.14445,0
42.15556,0
42.16667,0
42.17778,0
42.18889,0
42.2,0
42.21111,0
42.22222,0
42.23333,0
42.24445,0
42.25556,0
42.26667,0
42.27778,0
42.28889,0
42.3,0
42.31111,0
42.32222,0
42.33334,0
42.34444,0
42.35556,0
42.36667,0
42.37778,0
42.38889,0
42.4,0
42.41111,0
42.42222,0
42.43333,0
42.44445,0
42.45555,0
42.46667,0
42.47778,0
42.48889,0
42.5,0
42.51111,0
42.52222,0
42.53333,0
42.54445,0
42.55556,0
42.56667,0
42.57778,0
42.58889,0
42.6,0
42.61111,0
42.62222,0
42.63334,0
42.64445,0
42.65556,0
42.66667,0
42.67778,0
42.68889,0
42.7,0
42.71111,0
42.72222,0
42.73333,0
42.74445,0
42.75556,0
42.76667,0
42.77778,0
42.78889,0
42.8,0
42.81111,0
42.82222,0
42.83334,0
42.84444,0
42.85556,0
42.86667,0
42.87778,0
42.88889,0
42.9,0
42.91111,0
42.92222,0
42.93333,0
42.94445,0
42.95555,0
42.96667,0
42.97778,0
42.98889,0
43,0
43.01111,0
43.02222,0
43.03333,0
43.04445,0
43.05556,0
43.06667,0
43.07778,0
43.08889,0
43.1,0
43.11111,0
43.12222,0
43.13334,0
43.14445,0
43.15556,0
43.16667,0
43.17778,0
43.18889,0
43.2,0
43.21111,0
43.22222,0
43.23333,0
43.24445,0
43.25556,0
43.26667,0
43.27778,0
43.28889,0
43.3,0
43.31111,0
43.32222,0
43.33334,0
43.34444,0
43.35556,0
43.36667,0
43.37778,0
43.38889,0
43.4,0
43.41111,0
43.42222,0
43.43333,0
43.44445,0
43.45555,0
43.46667,0
43.47778,0
43.48889,0
43.5,0
43.51111,0
43.52222,0
43.53333,0
43.54445,0
43.55556,0
43.56667,0
43.57778,0
43.58889,0
43.6,0
43.61111,0
43.62222,0
43.63334,0
43.64445,0
43.65556,0
43.66667,0
43.67778,0
43.68889,0
43.7,0
43.71111,0
43.72222,0
43.73333,0
43.74445,0
43.75556,0
43.76667,0
43.77778,0
43.78889,0
43.8,0
43.81111,0
43.82222,0
43.83334,0
43.84444,0
43.85556,0
43.86667,0
43.87778,0
43.88889,0
43.9,0
43.91111,0
43.92222,0
43.93333,0
43.94445,0
43.95555,0
43.96667,0
43.97778,0
43.98889,0
44,0
44.01111,0
44.02222,0
44.03333,0
44.04445,0
44.05556,0
44.06667,0
44.07778,0
44.08889,0
44.1,0
44.11111,0
44.12222,0
44.13334,0
44.14445,0
44.15556,0
44.16667,0
44.17778,0
44.18889,0
44.2,0
44.21111,0
44.22223,0
44.23333,0
44.24445,0
44.25556,0
44.26667,0
44.27778,0
44.28889,0
44.3,0
44.31111,0
44.32222,0
44.33334,0
44.34444,0
44.35556,0
44.36667,0
44.37778,0
44.38889,0
44.4,0
44.41111,0
44.42222,0
44.43333,0
44.44445,0
44.45555,0
44.46667,0
44.47778,0
44.48889,0
44.5,0
44.51111,0
44.52222,0
44.53333,0
44.54445,0
44.55556,0
44.56667,0
44.57778,0
44.58889,0
44.6,0
44.61111,0
44.62222,0
44.63334,0
44.64445,0
44.65556,0
44.66667,0
44.67778,0
44.68889,0
44.7,0
44.71111,0
44.72223,0
44.73333,0
44.74445,0
44.75556,0
44.76667,0
44.77778,0
44.78889,0
44.8,0
44.81111,0
44.82222,0
44.83334,0
44.84444,0
44.85556,0
44.86667,0
44.87778,0
44.88889,0
44.9,0
44.91111,0
44.92222,0
44.93333,0
44.94445,0
44.95555,0
44.96667,0
44.97778,0
44.98889,0
45,0
45.01111,0
45.02222,0
45.03333,0
45.04445,0
45.05556,0
45.06667,0
45.07778,0
45.08889,0
45.1,0
45.11111,0
45.12222,0
45.13334,0
45.14445,0
45.15556,0
45.16667,0
45.17778,0
45.18889,0
45.2,0
45.21111,0
45.22223,0
45.23333,0
45.24445,0
45.25556,0
45.26667,0
45.27778,0
45.28889,0
45.3,0
45.31111,0
45.32222,0
45.33334,0
45.34444,0
45.35556,0
45.36667,0
45.37778,0
45.38889,0
45.4,0
45.41111,0
45.42222,0
45.43333,0
45.44445,0
45.45555,0
45.46667,0
45.47778,0
45.48889,0
45.5,0
45.51111,0
45.52222,0
45.53333,0
45.54445,0
45.55556,0
45.56667,0
45.57778,0
45.58889,0
45.6,0
45.61111,0
45.62222,0
45.63334,0
45.64445,0
45.65556,0
45.66667,0
45.67778,0
45.68889,0
45.7,0
45.71111,0
45.72223,0
45.73333,0
45.74445,0
45.75556,0
45.76667,0
45.77778,0
45.78889,0
45.8,0
45.81111,0
45.82222,0
45.83334,0
45.84444,0
45.85556,0
45.86667,0
45.87778,0
45.88889,0
45.9,0
45.91111,0
45.92222,0
45.93333,0
45.94445,0
45.95555,0
45.96667,0
45.97778,0
45.98889,0
46,0
46.01111,0
46.02222,0
46.03333,0
46.04445,0
46.05556,0
46.06667,0
46.07778,0
46.08889,0
46.1,0
46.11111,0
46.12222,0
46.13334,0
46.14445,0
46.15556,0
46.16667,0
46.17778,0
46.18889,0
46.2,0
46.21111,0
46.22223,0
46.23333,0
46.24445,0
46.25556,0
46.26667,0
46.27778,0
46.28889,0
46.3,0
46.31111,0
46.32222,0
46.33334,0
46.34444,0
46.35556,0
46.36667,0
46.37778,0
46.38889,0
46.4,0
46.41111,0
46.42222,0
46.43333,0
46.44445,0
46.45555,0
46.46667,0
46.47778,0
46.48889,0
46.5,0
46.51111,0
46.52222,0
46.53333,0
46.54445,0
46.55556,0
46.56667,0
46.57778,0
46.58889,0
46.6,0
46.61111,0
46.62222,0
46.63334,0
46.64445,0
46.65556,0
46.66667,0
46.67778,0
46.68889,0
46.7,0
46.71111,0
46.72223,0
46.73333,0
46.74445,0
46.75556,0
46.76667,0
46.77778,0
46.78889,0
46.8,0
46.81111,0
46.82222,0
46.83334,0
46.84444,0
46.85556,0
46.86667,0
46.87778,0
46.88889,0
46.9,0
46.91111,0
46.92222,0
46.93333,0
46.94445,0
46.95555,0
46.96667,0
46.97778,0
46.98889,0
47,0
47.01111,0
47.02222,0
47.03333,0
47.04445,0
47.05556,0
47.06667,0
47.07778,0
47.08889,0
47.1,0
47.11111,0
47.12222,0
47.13334,0
47.14445,0
47.15556,0
47.16667,0
47.17778,0
47.18889,0
47.2,0
47.21111,0
47.22223,0
47.23333,0
47.24445,0
47.25556,0
47.26667,0
47.27778,0
47.28889,0
47.3,0
47.31111,0
47.32222,0
47.33334,0
47.34444,0
47.35556,0
47.36667,0
47.37778,0
47.38889,0
47.4,0
47.41111,0
47.42222,0
47.43333,0
47.44445,0
47.45555,0
47.46667,0
47.47778,0
47.48889,0
47.5,0
47.51111,0
47.52222,0
47.53333,0
47.54445,0
47.55556,0
47.56667,0
47.57778,0
47.58889,0
47.6,0
47.61111,0
47.62222,0
47.63334,0
47.64445,0
47.65556,0
47.66667,0
47.67778,0
47.68889,0
47.7,0
47.71111,0
47.72223,0
47.73333,0
47.74445,0
47.75556,0
47.76667,0
47.77778,0
47.78889,0
47.8,0
47.81111,0
47.82222,0
47.83334,0
47.84444,0
47.85556,0
47.86667,0
47.87778,0
47.88889,0
47.9,0
47.91111,0
47.92222,0
47.93333,0
47.94445,0
47.95555,0
47.96667,0
47.97778,0
47.98889,0
48,0
48.01111,0
48.02222,0
48.03333,0
48.04445,0
48.05556,0
48.06667,0
48.07778,0
48.08889,0
48.1,0
48.11111,0
48.12222,0
48.13334,0
48.14445,0
48.15556,0
48.16667,0
48.17778,0
48.18889,0
48.2,0
48.21111,0
48.22223,0
48.23333,0
48.24445,0
48.25556,0
48.26667,0
48.27778,0
48.28889,0
48.3,0
48.31111,0
48.32222,0
48.33334,0
48.34444,0
48.35556,0
48.36667,0
48.37778,0
48.38889,0
48.4,0
48.41111,0
48.42222,0
48.43333,0
48.44445,0
48.45555,0
48.46667,0
48.47778,0
48.48889,0
48.5,0
48.51111,0
48.52222,0
48.53333,0
48.54445,0
48.55556,0
48.56667,0
48.57778,0
48.58889,0
48.6,0
48.61111,0
48.62222,0
48.63334,0
48.64445,0
48.65556,0
48.66667,0
48.67778,0
48.68889,0
48.7,0
48.71111,0
48.72223,0
48.73333,0
48.74445,0
48.75556,0
48.76667,0
48.77778,0
48.78889,0
48.8,0
48.81111,0
48.82222,0
48.83334,0
48.84444,0
48.85556,0
48.86667,0
48.87778,0
48.88889,0
48.9,0
48.91111,0
48.92222,0
48.93333,0
48.94445,0
48.95555,0
48.96667,0
48.97778,0
48.98889,0
49,0
49.01111,0
49.02222,0
49.03333,0
49.04445,0
49.05556,0
49.06667,0
49.07778,0
49.08889,0
49.1,0
49.11111,0
49.12222,0
49.13334,0
49.14445,0
49.15556,0
49.16667,0
49.17778,0
49.18889,0
49.2,0
49.21111,0
49.22223,0
49.23333,0
49.24445,0
49.25556,0
49.26667,0
49.27778,0
49.28889,0
49.3,0
49.31111,0
49.32222,0
49.33334,0
49.34444,0
49.35556,0
49.36667,0
49.37778,0
49.38889,0
49.4,0
49.41111,0
49.42222,0
49.43333,0
49.44445,0
49.45555,0
49.46667,0
49.47778,0
49.48889,0
49.5,0
49.51111,0
49.52222,0
49.53333,0
49.54445,0
49.55556,0
49.56667,0
49.57778,0
49.58889,0
49.6,0
49.61111,0
49.62222,0
49.63334,0
49.64445,0
49.65556,0
49.66667,0
49.67778,0
49.68889,0
49.7,0
49.71111,0
49.72223,0
49.73333,0
49.74445,0
49.75556,0
49.76667,0
49.77778,0
49.78889,0
49.8,0
49.81111,0
49.82222,0
49.83334,0
49.84444,0
49.85556,0
49.86667,0
49.87778,0
49.88889,0
49.9,0
49.91111,0
49.92222,0
49.93333,0
49.94445,0
49.95555,0
49.96667,0
49.97778,0
49.98889,0
50,0
50.01111,0
50.02222,0
50.03333,0
50.04445,0
50.05556,0
50.06667,0
50.07778,0
50.08889,0
50.1,0
50.11111,0
50.12222,0
50.13334,0
50.14445,0
50.15556,0
50.16667,0
50.17778,0
50.18889,0
50.2,0
50.21111,0
50.22223,0
50.23333,0
50.24445,0
50.25556,0
50.26667,0
50.27778,0
50.28889,0
50.3,0
50.31111,0
50.32222,0
50.33334,0
50.34444,0
50.35556,0
50.36667,0
50.37778,0
50.38889,0
50.4,0
50.41111,0
50.42222,0
50.43333,0
50.44445,0
50.45555,0
50.46667,0
50.47778,0
50.48889,0
50.5,0
50.51111,0
50.52222,0
50.53333,0
50.54445,0
50.55556,0
50.56667,0
50.57778,0
50.58889,0
50.6,0
50.61111,0
50.62222,0
50.63334,0
50.64445,0
50.65556,0
50.66667,0
50.67778,0
50.68889,0
50.7,0
50.71111,0
50.72223,0
50.73333,0
50.74445,0
50.75556,0
50.76667,0
50.77778,0
50.78889,0
50.8,0
50.81111,0
50.82222,0
50.83334,0
50.84444,0
50.85556,0
50.86667,0
50.87778,0
50.88889,0
50.9,0
50.91111,0
50.92222,0
50.93333,0
50.94445,0
50.95555,0
50.96667,0
50.97778,0
50.98889,0
51,0
51.01111,0
51.02222,0
51.03333,0
51.04445,0
51.05556,0
51.06667,0
51.07778,0
51.08889,0
51.1,0
51.11111,0
51.12222,0
51.13334,0
51.14445,0
51.15556,0
51.16667,0
51.17778,0
51.18889,0
51.2,0
51.21111,0
51.22223,0
51.23333,0
51.24445,0
51.25556,0
51.26667,0
51.27778,0
51.28889,0
51.3,0
51.31111,0
51.32222,0
51.33334,0
51.34444,0
51.35556,0
51.36667,0
51.37778,0
51.38889,0
51.4,0
51.41111,0
51.42222,0
51.43333,0
51.44445,0
51.45555,0
51.46667,0
51.47778,0
51.48889,0
51.5,0
51.51111,0
51.52222,0
51.53333,0
51.54445,0
51.55556,0
51.56667,0
51.57778,0
51.58889,0
51.6,0
51.61111,0
51.62222,0
51.63334,0
51.64445,0
51.65556,0
51.66667,0
51.67778,0
51.68889,0
51.7,0
51.71111,0
51.72223,0
51.73333,0
51.74445,0
51.75556,0
51.76667,0
51.77778,0
51.78889,0
51.8,0
51.81111,0
51.82222,0
51.83334,0
51.84444,0
51.85556,0
51.86667,0
51.87778,0
51.88889,0
51.9,0
51.91111,0
51.92222,0
51.93333,0
51.94445,0
51.95555,0
51.96667,0
51.97778,0
51.98889,0
52,0
52.01111,0
52.02222,0
52.03333,0
52.04445,0
52.05556,0
52.06667,0
52.07778,0
52.08889,0
52.1,0
52.11111,0
52.12222,0
52.13334,0
52.14445,0
52.15556,0
52.16667,0
52.17778,0
52.18889,0
52.2,0
52.21111,0
52.22223,0
52.23333,0
52.24445,0
52.25556,0
52.26667,0
52.27778,0
52.28889,0
52.3,0
52.31111,0
52.32222,0
52.33334,0
52.34444,0
52.35556,0
52.36667,0
52.37778,0
52.38889,0
52.4,0
52.41111,0
52.42222,0
52.43333,0
52.44445,0
52.45555,0
52.46667,0
52.47778,0
52.48889,0
52.5,0
52.51111,0
52.52222,0
52.53333,0
52.54445,0
52.55556,0
52.56667,0
52.57778,0
52.58889,0
52.6,0
52.61111,0
52.62222,0
52.63334,0
52.64445,0
52.65556,0
52.66667,0
52.67778,0
52.68889,0
52.7,0
52.71111,0
52.72223,0
52.73333,0
52.74445,0
52.75556,0
52.76667,0
52.77778,0
52.78889,0
52.8,0
52.81111,0
52.82222,0
52.83334,0
52.84444,0
52.85556,0
52.86667,0
52.87778,0
52.88889,0
52.9,0
52.91111,0
52.92222,0
52.93333,0
52.94445,0
52.95555,0
52.96667,0
52.97778,0
52.98889,0
53,0
53.01111,0
53.02222,0
53.03333,0
53.04445,0
53.05556,0
53.06667,0
53.07778,0
53.08889,0
53.1,0
53.11111,0
53.12222,0
53.13334,0
53.14445,0
53.15556,0
53.16667,0
53.17778,0
53.18889,0
53.2,0
53.21111,0
53.22223,0
53.23333,0
53.24445,0
53.25556,0
53.26667,0
53.27778,0
53.28889,0
53.3,0
53.31111,0
53.32222,0
53.33334,0
53.34444,0
53.35556,0
53.36667,0
53.37778,0
53.38889,0
53.4,0
53.41111,0
53.42222,0
53.43333,0
53.44445,0
53.45555,0
53.46667,0
53.47778,0
53.48889,0
53.5,0
53.51111,0
53.52222,0
53.53333,0
53.54445,0
53.55556,0
53.56667,0
53.57778,0
53.58889,0
53.6,0
53.61111,0
53.62222,0
53.63334,0
53.64445,0
53.65556,0
53.66667,0
53.67778,0
53.68889,0
53.7,0
53.71111,0
53.72223,0
53.73333,0
53.74445,0
53.75556,0
53.76667,0
53.77778,0
53.78889,0
53.8,0
53.81111,0
53.82222,0
53.83334,0
53.84444,0
53.85556,0
53.86667,0
53.87778,0
53.88889,0
53.9,0
53.91111,0
53.92222,0
53.93333,0
53.94445,0
53.95555,0
53.96667,0
53.97778,0
53.98889,0
54,0
54.01111,0
54.02222,0
54.03333,0
54.04445,0
54.05556,0
54.06667,0
54.07778,0
54.08889,0
54.1,0
54.11111,0
54.12222,0
54.13334,0
54.14445,0
54.15556,0
54.16667,0
54.17778,0
54.18889,0
54.2,0
54.21111,0
54.22223,0
54.23333,0
54.24445,0
54.25556,0
54.26667,0
54.27778,0
54.28889,0
54.3,0
54.31111,0
54.32222,0
54.33334,0
54.34444,0
54.35556,0
54.36667,0
54.37778,0
54.38889,0
54.4,0
54.41111,0
54.42222,0
54.43333,0
54.44445,0
54.45556,0
54.46667,0
54.47778,0
54.48889,0
54.5,0
54.51111,0
54.52222,0
54.53333,0
54.54445,0
54.55556,0
54.56667,0
54.57778,0
54.58889,0
54.6,0
54.61111,0
54.62222,0
54.63334,0
54.64445,0
54.65556,0
54.66667,0
54.67778,0
54.68889,0
54.7,0
54.71111,0
54.72223,0
54.73333,0
54.74445,0
54.75556,0
54.76667,0
54.77778,0
54.78889,0
54.8,0
54.81111,0
54.82222,0
54.83334,0
54.84444,0
54.85556,0
54.86667,0
54.87778,0
54.88889,0
54.9,0
54.91111,0
54.92222,0
54.93333,0
54.94445,0
54.95556,0
54.96667,0
54.97778,0
54.98889,0
55,0
55.01111,0
55.02222,0
55.03333,0
55.04445,0
55.05556,0
55.06667,0
55.07778,0
55.08889,0
55.1,0
55.11111,0
55.12222,0
55.13334,0
55.14445,0
55.15556,0
55.16667,0
55.17778,0
55.18889,0
55.2,0
55.21111,0
55.22223,0
55.23333,0
55.24445,0
55.25556,0
55.26667,0
55.27778,0
55.28889,0
55.3,0
55.31111,0
55.32222,0
55.33334,0
55.34444,0
55.35556,0
55.36667,0
55.37778,0
55.38889,0
55.4,0
55.41111,0
55.42222,0
55.43333,0
55.44445,0
55.45556,0
55.46667,0
55.47778,0
55.48889,0
55.5,0
55.51111,0
55.52222,0
55.53333,0
55.54445,0
55.55556,0
55.56667,0
55.57778,0
55.58889,0
55.6,0
55.61111,0
55.62222,0
55.63334,0
55.64445,0
55.65556,0
55.66667,0
55.67778,0
55.68889,0
55.7,0
55.71111,0
55.72223,0
55.73333,0
55.74445,0
55.75556,0
55.76667,0
55.77778,0
55.78889,0
55.8,0
55.81111,0
55.82222,0
55.83334,0
55.84444,0
55.85556,0
55.86667,0
55.87778,0
55.88889,0
55.9,0
55.91111,0
55.92222,0
55.93333,0
55.94445,0
55.95556,0
55.96667,0
55.97778,0
55.98889,0
56,0
56.01111,0
56.02222,0
56.03333,0
56.04445,0
56.05556,0
56.06667,0
56.07778,0
56.08889,0
56.1,0
56.11111,0
56.12222,0
56.13334,0
56.14445,0
56.15556,0
56.16667,0
56.17778,0
56.18889,0
56.2,0
56.21111,0
56.22223,0
56.23333,0
56.24445,0
56.25556,0
56.26667,0
56.27778,0
56.28889,0
56.3,0
56.31111,0
56.32222,0
56.33334,0
56.34444,0
56.35556,0
56.36667,0
56.37778,0
56.38889,0
56.4,0
56.41111,0
56.42222,0
56.43333,0
56.44445,0
56.45556,0
56.46667,0
56.47778,0
56.48889,0
56.5,0
56.51111,0
56.52222,0
56.53333,0
56.54445,0
56.55556,0
56.56667,0
56.57778,0
56.58889,0
56.6,0
56.61111,0
56.62222,0
56.63334,0
56.64445,0
56.65556,0
56.66667,0
56.67778,0
56.68889,0
56.7,0
56.71111,0
56.72223,0
56.73333,0
56.74445,0
56.75556,0
56.76667,0
56.77778,0
56.78889,0
56.8,0
56.81111,0
56.82222,0
56.83334,0
56.84444,0
56.85556,0
56.86667,0
56.87778,0
56.88889,0
56.9,0
56.91111,0
56.92222,0
56.93333,0
56.94445,0
56.95556,0
56.96667,0
56.97778,0
56.98889,0
57,0
57.01111,0
57.02222,0
57.03333,0
57.04445,0
57.05556,0
57.06667,0
57.07778,0
57.08889,0
57.1,0
57.11111,0
57.12222,0
57.13334,0
57.14445,0
57.15556,0
57.16667,0
57.17778,0
57.18889,0
57.2,0
57.21111,0
57.22223,0
57.23333,0
57.24445,0
57.25556,0
57.26667,0
57.27778,0
57.28889,0
57.3,0
57.31111,0
57.32222,0
57.33334,0
57.34444,0
57.35556,0
57.36667,0
57.37778,0
57.38889,0
57.4,0
57.41111,0
57.42222,0
57.43333,0
57.44445,0
57.45556,0
57.46667,0
57.47778,0
57.48889,0
57.5,0
57.51111,0
57.52222,0
57.53333,0
57.54445,0
57.55556,0
57.56667,0
57.57778,0
57.58889,0
57.6,0
57.61111,0
57.62222,0
57.63334,0
57.64445,0
57.65556,0
57.66667,0
57.67778,0
57.68889,0
57.7,0
57.71111,0
57.72223,0
57.73333,0
57.74445,0
57.75556,0
57.76667,0
57.77778,0
57.78889,0
57.8,0
57.81111,0
57.82222,0
57.83334,0
57.84444,0
57.85556,0
57.86667,0
57.87778,0
57.88889,0
57.9,0
57.91111,0
57.92222,0
57.93333,0
57.94445,0
57.95556,0
57.96667,0
57.97778,0
57.98889,0
58,0
58.01111,0
58.02222,0
58.03334,0
58.04445,0
58.05556,0
58.06667,0
58.07778,0
58.08889,0
58.1,0
58.11111,0
58.12222,0
58.13334,0
58.14445,0
58.15556,0
58.16667,0
58.17778,0
58.18889,0
58.2,0
58.21111,0
58.22223,0
58.23333,0
58.24445,0
58.25556,0
58.26667,0
58.27778,0
58.28889,0
58.3,0
58.31111,0
58.32222,0
58.33334,0
58.34444,0
58.35556,0
58.36667,0
58.37778,0
58.38889,0
58.4,0
58.41111,0
58.42222,0
58.43333,0
58.44445,0
58.45556,0
58.46667,0
58.47778,0
58.48889,0
58.5,0
58.51111,0
58.52222,0
58.53334,0
58.54445,0
58.55556,0
58.56667,0
58.57778,0
58.58889,0
58.6,0
58.61111,0
58.62222,0
58.63334,0
58.64445,0
58.65556,0
58.66667,0
58.67778,0
58.68889,0
58.7,0
58.71111,0
58.72223,0
58.73333,0
58.74445,0
58.75556,0
58.76667,0
58.77778,0
58.78889,0
58.8,0
58.81111,0
58.82222,0
58.83334,0
58.84444,0
58.85556,0
58.86667,0
58.87778,0
58.88889,0
58.9,0
58.91111,0
58.92222,0
58.93333,0
58.94445,0
58.95556,0
58.96667,0
58.97778,0
58.98889,0
59,0
59.01111,0
59.02222,0
59.03334,0
59.04445,0
59.05556,0
59.06667,0
59.07778,0
59.08889,0
59.1,0
59.11111,0
59.12222,0
59.13334,0
59.14445,0
59.15556,0
59.16667,0
59.17778,0
59.18889,0
59.2,0
59.21111,0
59.22223,0
59.23333,0
59.24445,0
59.25556,0
59.26667,0
59.27778,0
59.28889,0
59.3,0
59.31111,0
59.32222,0
59.33334,0
59.34444,0
59.35556,0
59.36667,0
59.37778,0
59.38889,0
59.4,0
59.41111,0
59.42222,0
59.43333,0
59.44445,0
59.45556,0
59.46667,0
59.47778,0
59.48889,0
59.5,0
59.51111,0
59.52222,0
59.53334,0
59.54445,0
59.55556,0
59.56667,0
59.57778,0
59.58889,0
59.6,0
59.61111,0
59.62222,0
59.63334,0
59.64445,0
59.65556,0
59.66667,0
59.67778,0
59.68889,0
59.7,0
59.71111,0
59.72223,0
59.73333,0
59.74445,0
59.75556,0
59.76667,0
59.77778,0
59.78889,0
59.8,0
59.81111,0
59.82222,0
59.83334,0
59.84444,0
59.85556,0
59.86667,0
59.87778,0
59.88889,0
59.9,0
59.91111,0
59.92222,0
59.93333,0
59.94445,0
59.95556,0
59.96667,0
59.97778,0
59.98889,0
60,0
60.01111,0
60.02222,0
60.03334,0
60.04445,0
60.05556,0
60.06667,0
60.07778,0
60.08889,0
60.1,0
60.11111,0
60.12222,0
60.13334,0
60.14445,0
60.15556,0
60.16667,0
60.17778,0
60.18889,0
60.2,0
60.21111,0
60.22223,0
60.23333,0
60.24445,0
60.25556,0
60.26667,0
60.27778,0
60.28889,0
60.3,0
60.31111,0
60.32222,0
60.33334,0
60.34444,0
60.35556,0
60.36667,0
60.37778,0
60.38889,0
60.4,0
60.41111,0
60.42222,0
60.43333,0
60.44445,0
60.45556,0
60.46667,0
60.47778,0
60.48889,0
60.5,0
60.51111,0
60.52222,0
60.53334,0
60.54445,0
60.55556,0
60.56667,0
60.57778,0
60.58889,0
60.6,0
60.61111,0
60.62222,0
60.63334,0
60.64445,0
60.65556,0
60.66667,0
60.67778,0
60.68889,0
60.7,0
60.71111,0
60.72223,0
60.73333,0
60.74445,0
60.75556,0
60.76667,0
60.77778,0
60.78889,0
60.8,0
60.81111,0
60.82222,0
60.83334,0
60.84444,0
60.85556,0
60.86667,0
60.87778,0
60.88889,0
60.9,0
60.91111,0
60.92222,0
60.93333,0
60.94445,0
60.95556,0
60.96667,0
60.97778,0
60.98889,0
61,0
61.01111,0
61.02222,0
61.03334,0
61.04445,0
61.05556,0
61.06667,0
61.07778,0
61.08889,0
61.1,0
61.11111,0
61.12222,0
61.13334,0
61.14445,0
61.15556,0
61.16667,0
61.17778,0
61.18889,0
61.2,0
61.21111,0
61.22223,0
61.23333,0
61.24445,0
61.25556,0
61.26667,0
61.27778,0
61.28889,0
61.3,0
61.31111,0
61.32222,0
61.33334,0
61.34444,0
61.35556,0
61.36667,0
61.37778,0
61.38889,0
61.4,0
61.41111,0
61.42222,0
61.43333,0
61.44445,0
61.45556,0
61.46667,0
61.47778,0
61.48889,0
61.5,0
61.51111,0
61.52222,0
61.53334,0
61.54445,0
61.55556,0
61.56667,0
61.57778,0
61.58889,0
61.6,0
61.61111,0
61.62222,0
61.63334,0
61.64445,0
61.65556,0
61.66667,0
61.67778,0
61.68889,0
61.7,0
61.71111,0
61.72223,0
61.73333,0
61.74445,0
61.75556,0
61.76667,0
61.77778,0
61.78889,0
61.8,0
61.81111,0
61.82222,0
61.83334,0
61.84444,0
61.85556,0
61.86667,0
61.87778,0
61.88889,0
61.9,0
61.91111,0
61.92222,0
61.93333,0
61.94445,0
61.95556,0
61.96667,0
61.97778,0
61.98889,0
62,0
62.01111,0
62.02222,0
62.03334,0
62.04445,0
62.05556,0
62.06667,0
62.07778,0
62.08889,0
62.1,0
62.11111,0
62.12222,0
62.13334,0
62.14445,0
62.15556,0
62.16667,0
62.17778,0
62.18889,0
62.2,0
62.21111,0
62.22223,0
62.23333,0
62.24445,0
62.25556,0
62.26667,0
62.27778,0
62.28889,0
62.3,0
62.31111,0
62.32222,0
62.33334,0
62.34444,0
62.35556,0
62.36667,0
62.37778,0
62.38889,0
62.4,0
62.41111,0
62.42222,0
62.43333,0
62.44445,0
62.45556,0
62.46667,0
62.47778,0
62.48889,0
62.5,0
62.51111,0
62.52222,0
62.53334,0
62.54445,0
62.55556,0
62.56667,0
62.57778,0
62.58889,0
62.6,0
62.61111,0
62.62222,0
62.63334,0
62.64445,0
62.65556,0
62.66667,0
62.67778,0
62.68889,0
62.7,0
62.71111,0
62.72223,0
62.73333,0
62.74445,0
62.75556,0
62.76667,0
62.77778,0
62.78889,0
62.8,0
62.81111,0
62.82222,0
62.83334,0
62.84444,0
62.85556,0
62.86667,0
62.87778,0
62.88889,0
62.9,0
62.91111,0
62.92222,0
62.93333,0
62.94445,0
62.95556,0
62.96667,0
62.97778,0
62.98889,0
63,0
63.01111,0
63.02222,0
63.03334,0
63.04445,0
63.05556,0
63.06667,0
63.07778,0
63.08889,0
63.1,0
63.11111,0
63.12222,0
63.13334,0
63.14445,0
63.15556,0
63.16667,0
63.17778,0
63.18889,0
63.2,0
63.21111,0
63.22223,0
63.23333,0
63.24445,0
63.25556,0
63.26667,0
63.27778,0
63.28889,0
63.3,0
63.31111,0
63.32222,0
63.33334,0
63.34444,0
63.35556,0
63.36667,0
63.37778,0
63.38889,0
63.4,0
63.41111,0
63.42222,0
63.43333,0
63.44445,0
63.45556,0
63.46667,0
63.47778,0
63.48889,0
63.5,0
63.51111,0
63.52222,0
63.53334,0
63.54445,0
63.55556,0
63.56667,0
63.57778,0
63.58889,0
63.6,0
63.61111,0
63.62222,0
63.63334,0
63.64445,0
63.65556,0
63.66667,0
63.67778,0
63.68889,0
63.7,0
63.71111,0
63.72223,0
63.73333,0
63.74445,0
63.75556,0
63.76667,0
63.77778,0
63.78889,0
63.8,0
63.81111,0
63.82222,0
63.83334,0
63.84444,0
63.85556,0
63.86667,0
63.87778,0
63.88889,0
63.9,0
63.91111,0
63.92222,0
63.93333,0
63.94445,0
63.95556,0
63.96667,0
63.97778,0
63.98889,0
64,0
64.01112,0
64.02222,0
64.03333,0
64.04445,0
64.05556,0
64.06667,0
64.07778,0
64.08889,0
64.1,0
64.11111,0
64.12222,0
64.13333,0
64.14445,0
64.15556,0
64.16667,0
64.17778,0
64.18889,0
64.2,0
64.21111,0
64.22222,0
64.23334,0
64.24445,0
64.25555,0
64.26667,0
64.27778,0
64.28889,0
64.3,0
64.31111,0
64.32223,0
64.33334,0
64.34444,0
64.35556,0
64.36667,0
64.37778,0
64.38889,0
64.4,0
64.41111,0
64.42223,0
64.43333,0
64.44444,0
64.45556,0
64.46667,0
64.47778,0
64.48889,0
64.5,0
64.51112,0
64.52222,0
64.53333,0
64.54445,0
64.55556,0
64.56667,0
64.57778,0
64.58889,0
64.6,0
64.61111,0
64.62222,0
64.63333,0
64.64445,0
64.65556,0
64.66667,0
64.67778,0
64.68889,0
64.7,0
64.71111,0
64.72222,0
64.73334,0
64.74445,0
64.75555,0
64.76667,0
64.77778,0
64.78889,0
64.8,0
64.81111,0
64.82223,0
64.83334,0
64.84444,0
64.85556,0
64.86667,0
64.87778,0
64.88889,0
64.9,0
64.91111,0
64.92223,0
64.93333,0
64.94444,0
64.95556,0
64.96667,0
64.97778,0
64.98889,0
65,0
65.01112,0
65.02222,0
65.03333,0
65.04445,0
65.05556,0
65.06667,0
65.07778,0
65.08889,0
65.1,0
65.11111,0
65.12222,0
65.13333,0
65.14445,0
65.15556,0
65.16667,0
65.17778,0
65.18889,0
65.2,0
65.21111,0
65.22222,0
65.23334,0
65.24445,0
65.25555,0
65.26667,0
65.27778,0
65.28889,0
65.3,0
65.31111,0
65.32223,0
65.33334,0
65.34444,0
65.35556,0
65.36667,0
65.37778,0
65.38889,0
65.4,0
65.41111,0
65.42223,0
65.43333,0
65.44444,0
65.45556,0
65.46667,0
65.47778,0
65.48889,0
65.5,0
65.51112,0
65.52222,0
65.53333,0
65.54445,0
65.55556,0
65.56667,0
65.57778,0
65.58889,0
65.6,0
65.61111,0
65.62222,0
65.63333,0
65.64445,0
65.65556,0
65.66667,0
65.67778,0
65.68889,0
65.7,0
65.71111,0
65.72222,0
65.73334,0
65.74445,0
65.75555,0
65.76667,0
65.77778,0
65.78889,0
65.8,0
65.81111,0
65.82223,0
65.83334,0
65.84444,0
65.85556,0
65.86667,0
65.87778,0
65.88889,0
65.9,0
65.91111,0
65.92223,0
65.93333,0
65.94444,0
65.95556,0
65.96667,0
65.97778,0
65.98889,0
66,0
66.01112,0
66.02222,0
66.03333,0
66.04445,0
66.05556,0
66.06667,0
66.07778,0
66.08889,0
66.1,0
66.11111,0
66.12222,0
66.13333,0
66.14445,0
66.15556,0
66.16667,0
66.17778,0
66.18889,0
66.2,0
66.21111,0
66.22222,0
66.23334,0
66.24445,0
66.25555,0
66.26667,0
66.27778,0
66.28889,0
66.3,0
66.31111,0
66.32223,0
66.33334,0
66.34444,0
66.35556,0
66.36667,0
66.37778,0
66.38889,0
66.4,0
66.41111,0
66.42223,0
66.43333,0
66.44444,0
66.45556,0
66.46667,0
66.47778,0
66.48889,0
66.5,0
66.51112,0
66.52222,0
66.53333,0
66.54445,0
66.55556,0
66.56667,0
66.57778,0
66.58889,0
66.6,0
66.61111,0
66.62222,0
66.63333,0
66.64445,0
66.65556,0
66.66667,0
66.67778,0
66.68889,0
66.7,0
66.71111,0
66.72222,0
66.73334,0
66.74445,0
66.75555,0
66.76667,0
66.77778,0
66.78889,0
66.8,0
66.81111,0
66.82223,0
66.83334,0
66.84444,0
66.85556,0
66.86667,0
66.87778,0
66.88889,0
66.9,0
66.91111,0
66.92223,0
66.93333,0
66.94444,0
66.95556,0
66.96667,0
66.97778,0
66.98889,0
67,0
67.01112,0
67.02222,0
67.03333,0
67.04445,0
67.05556,0
67.06667,0
67.07778,0
67.08889,0
67.1,0
67.11111,0
67.12222,0
67.13333,0
67.14445,0
67.15556,0
67.16667,0
67.17778,0
67.18889,0
67.2,0
67.21111,0
67.22222,0
67.23334,0
67.24445,0
67.25555,0
67.26667,0
67.27778,0
67.28889,0
67.3,0
67.31111,0
67.32223,0
67.33334,0
67.34444,0
67.35556,0
67.36667,0
67.37778,0
67.38889,0
67.4,0
67.41111,0
67.42223,0
67.43333,0
67.44444,0
67.45556,0
67.46667,0
67.47778,0
67.48889,0
67.5,0
67.51112,0
67.52222,0
67.53333,0
67.54445,0
67.55556,0
67.56667,0
67.57778,0
67.58889,0
67.6,0
67.61111,0
67.62222,0
67.63333,0
67.64445,0
67.65556,0
67.66667,0
67.67778,0
67.68889,0
67.7,0
67.71111,0
67.72222,0
67.73334,0
67.74445,0
67.75555,0
67.76667,0
67.77778,0
67.78889,0
67.8,0
67.81111,0
67.82223,0
67.83334,0
67.84444,0
67.85556,0
67.86667,0
67.87778,0
67.88889,0
67.9,0
67.91111,0
67.92223,0
67.93333,0
67.94444,0
67.95556,0
67.96667,0
67.97778,0
67.98889,0
68,0
68.01112,0
68.02222,0
68.03333,0
68.04445,0
68.05556,0
68.06667,0
68.07778,0
68.08889,0
68.1,0
68.11111,0
68.12222,0
68.13333,0
68.14445,0
68.15556,0
68.16667,0
68.17778,0
68.18889,0
68.2,0
68.21111,0
68.22222,0
68.23334,0
68.24445,0
68.25555,0
68.26667,0
68.27778,0
68.28889,0
68.3,0
68.31111,0
68.32223,0
68.33334,0
68.34444,0
68.35556,0
68.36667,0
68.37778,0
68.38889,0
68.4,0
68.41111,0
68.42223,0
68.43333,0
68.44444,0
68.45556,0
68.46667,0
68.47778,0
68.48889,0
68.5,0
68.51112,0
68.52222,0
68.53333,0
68.54445,0
68.55556,0
68.56667,0
68.57778,0
68.58889,0
68.6,0
68.61111,0
68.62222,0
68.63333,0
68.64445,0
68.65556,0
68.66667,0
68.67778,0
68.68889,0
68.7,0
68.71111,0
68.72222,0
68.73334,0
68.74445,0
68.75555,0
68.76667,0
68.77778,0
68.78889,0
68.8,0
68.81111,0
68.82223,0
68.83334,0
68.84444,0
68.85556,0
68.86667,0
68.87778,0
68.88889,0
68.9,0
68.91111,0
68.92223,0
68.93333,0
68.94444,0
68.95556,0
68.96667,0
68.97778,0
68.98889,0
69,0
69.01112,0
69.02222,0
69.03333,0
69.04445,0
69.05556,0
69.06667,0
69.07778,0
69.08889,0
69.1,0
69.11111,0
69.12222,0
69.13333,0
69.14445,0
69.15556,0
69.16667,0
69.17778,0
69.18889,0
69.2,0
69.21111,0
69.22222,0
69.23334,0
69.24445,0
69.25555,0
69.26667,0
69.27778,0
69.28889,0
69.3,0
69.31111,0
69.32223,0
69.33334,0
69.34444,0
69.35556,0
69.36667,0
69.37778,0
69.38889,0
69.4,0
69.41111,0
69.42223,0
69.43333,0
69.44444,0
69.45556,0
69.46667,0
69.47778,0
69.48889,0
69.5,0
69.51112,0
69.52222,0
69.53333,0
69.54445,0
69.55556,0
69.56667,0
69.57778,0
69.58889,0
69.6,0
69.61111,0
69.62222,0
69.63333,0
69.64445,0
69.65556,0
69.66667,0
69.67778,0
69.68889,0
69.7,0
69.71111,0
69.72222,0
69.73334,0
69.74445,0
69.75555,0
69.76667,0
69.77778,0
69.78889,0
69.8,0
69.81111,0
69.82223,0
69.83334,0
69.84444,0
69.85556,0
69.86667,0
69.87778,0
69.88889,0
69.9,0
69.91111,0
69.92223,0
69.93333,0
69.94444,0
69.95556,0
69.96667,0
69.97778,0
69.98889,0
70,0
70.01112,0
70.02222,0
70.03333,0
70.04445,0
70.05556,0
70.06667,0
70.07778,0
70.08889,0
70.1,0
70.11111,0
70.12222,0
70.13333,0
70.14445,0
70.15556,0
70.16667,0
70.17778,0
70.18889,0
70.2,0
70.21111,0
70.22222,0
70.23334,0
70.24445,0
70.25555,0
70.26667,0
70.27778,0
70.28889,0
70.3,0
70.31111,0
70.32223,0
70.33334,0
70.34444,0
70.35556,0
70.36667,0
70.37778,0
70.38889,0
70.4,0
70.41111,0
70.42223,0
70.43333,0
70.44444,0
70.45556,0
70.46667,0
70.47778,0
70.48889,0
70.5,0
70.51112,0
70.52222,0
70.53333,0
70.54445,0
70.55556,0
70.56667,0
70.57778,0
70.58889,0
70.6,0
70.61111,0
70.62222,0
70.63333,0
70.64445,0
70.65556,0
70.66667,0
70.67778,0
70.68889,0
70.7,0
70.71111,0
70.72222,0
70.73334,0
70.74445,0
70.75555,0
70.76667,0
70.77778,0
70.78889,0
70.8,0
70.81111,0
70.82223,0
70.83334,0
70.84444,0
70.85556,0
70.86667,0
70.87778,0
70.88889,0
70.9,0
70.91111,0
70.92223,0
70.93333,0
70.94444,0
70.95556,0
70.96667,0
70.97778,0
70.98889,0
71,0
71.01112,0
71.02222,0
71.03333,0
71.04445,0
71.05556,0
71.06667,0
71.07778,0
71.08889,0
71.1,0
71.11111,0
71.12222,0
71.13333,0
71.14445,0
71.15556,0
71.16667,0
71.17778,0
71.18889,0
71.2,0
71.21111,0
71.22222,0
71.23334,0
71.24445,0
71.25555,0
71.26667,0
71.27778,0
71.28889,0
71.3,0
71.31111,0
71.32223,0
71.33334,0
71.34444,0
71.35556,0
71.36667,0
71.37778,0
71.38889,0
71.4,0
71.41111,0
71.42223,0
71.43333,0
71.44444,0
71.45556,0
71.46667,0
71.47778,0
71.48889,0
71.5,0
71.51112,0
71.52222,0
71.53333,0
71.54445,0
71.55556,0
71.56667,0
71.57778,0
71.58889,0
71.6,0
71.61111,0
71.62222,0
71.63333,0
71.64445,0
71.65556,0
71.66667,0
71.67778,0
71.68889,0
71.7,0
71.71111,0
71.72222,0
71.73334,0
71.74445,0
71.75555,0
71.76667,0
71.77778,0
71.78889,0
71.8,0
71.81111,0
71.82223,0
71.83334,0
71.84444,0
71.85556,0
71.86667,0
71.87778,0
71.88889,0
71.9,0
71.91111,0
71.92223,0
71.93333,0
71.94444,0
71.95556,0
71.96667,0
71.97778,0
71.98889,0
72,0
72.01112,0
72.02222,0
72.03333,0
72.04445,0
72.05556,0
72.06667,0
72.07778,0
72.08889,0
72.1,0
72.11111,0
72.12222,0
72.13333,0
72.14445,0
72.15556,0
72.16667,0
72.17778,0
72.18889,0
72.2,0
72.21111,0
72.22222,0
72.23334,0
72.24445,0
72.25555,0
72.26667,0
72.27778,0
72.28889,0
72.3,0
72.31111,0
72.32223,0
72.33334,0
72.34444,0
72.35556,0
72.36667,0
72.37778,0
72.38889,0
72.4,0
72.41111,0
72.42223,0
72.43333,0
72.44444,0
72.45556,0
72.46667,0
72.47778,0
72.48889,0
72.5,0
72.51112,0
72.52222,0
72.53333,0
72.54445,0
72.55556,0
72.56667,0
72.57778,0
72.58889,0
72.6,0
72.61111,0
72.62222,0
72.63333,0
72.64445,0
72.65556,0
72.66667,0
72.67778,0
72.68889,0
72.7,0
72.71111,0
72.72222,0
72.73334,0
72.74445,0
72.75555,0
72.76667,0
72.77778,0
72.78889,0
72.8,0
72.81111,0
72.82223,0
72.83334,0
72.84444,0
72.85556,0
72.86667,0
72.87778,0
72.88889,0
72.9,0
72.91111,0
72.92223,0
72.93333,0
72.94444,0
72.95556,0
72.96667,0
72.97778,0
72.98889,0
73,0
73.01112,0
73.02222,0
73.03333,0
73.04445,0
73.05556,0
73.06667,0
73.07778,0
73.08889,0
73.1,0
73.11111,0
73.12222,0
73.13333,0
73.14445,0
73.15556,0
73.16667,0
73.17778,0
73.18889,0
73.2,0
73.21111,0
73.22222,0
73.23334,0
73.24445,0
73.25555,0
73.26667,0
73.27778,0
73.28889,0
73.3,0
73.31111,0
73.32223,0
73.33334,0
73.34444,0
73.35556,0
73.36667,0
73.37778,0
73.38889,0
73.4,0
73.41111,0
73.42223,0
73.43333,0
73.44444,0
73.45556,0
73.46667,0
73.47778,0
73.48889,0
73.5,0
73.51112,0
73.52222,0
73.53333,0
73.54445,0
73.55556,0
73.56667,0
73.57778,0
73.58889,0
73.6,0
73.61111,0
73.62222,0
73.63334,0
73.64445,0
73.65556,0
73.66667,0
73.67778,0
73.68889,0
73.7,0
73.71111,0
73.72222,0
73.73334,0
73.74445,0
73.75555,0
73.76667,0
73.77778,0
73.78889,0
73.8,0
73.81111,0
73.82223,0
73.83334,0
73.84444,0
73.85556,0
73.86667,0
73.87778,0
73.88889,0
73.9,0
73.91111,0
73.92223,0
73.93333,0
73.94444,0
73.95556,0
73.96667,0
73.97778,0
73.98889,0
74,0
74.01112,0
74.02222,0
74.03333,0
74.04445,0
74.05556,0
74.06667,0
74.07778,0
74.08889,0
74.1,0
74.11111,0
74.12222,0
74.13334,0
74.14445,0
74.15556,0
74.16667,0
74.17778,0
74.18889,0
74.2,0
74.21111,0
74.22222,0
74.23334,0
74.24445,0
74.25555,0
74.26667,0
74.27778,0
74.28889,0
74.3,0
74.31111,0
74.32223,0
74.33334,0
74.34444,0
74.35556,0
74.36667,0
74.37778,0
74.38889,0
74.4,0
74.41111,0
74.42223,0
74.43333,0
74.44444,0
74.45556,0
74.46667,0
74.47778,0
74.48889,0
74.5,0
74.51112,0
74.52222,0
74.53333,0
74.54445,0
74.55556,0
74.56667,0
74.57778,0
74.58889,0
74.6,0
74.61111,0
74.62222,0
74.63334,0
74.64445,0
74.65556,0
74.66667,0
74.67778,0
74.68889,0
74.7,0
74.71111,0
74.72222,0
74.73334,0
74.74445,0
74.75555,0
74.76667,0
74.77778,0
74.78889,0
74.8,0
74.81111,0
74.82223,0
74.83334,0
74.84444,0
74.85556,0
74.86667,0
74.87778,0
74.88889,0
74.9,0
74.91111,0
74.92223,0
74.93333,0
74.94444,0
74.95556,0
74.96667,0
74.97778,0
74.98889,0
75,0
75.01112,0
75.02222,0
75.03333,0
75.04445,0
75.05556,0
75.06667,0
75.07778,0
75.08889,0
75.1,0
75.11111,0
75.12222,0
75.13334,0
75.14445,0
75.15556,0
75.16667,0
75.17778,0
75.18889,0
75.2,0
75.21111,0
75.22222,0
75.23334,0
75.24445,0
75.25555,0
75.26667,0
75.27778,0
75.28889,0
75.3,0
75.31111,0
75.32223,0
75.33334,0
75.34444,0
75.35556,0
75.36667,0
75.37778,0
75.38889,0
75.4,0
75.41111,0
75.42223,0
75.43333,0
75.44444,0
75.45556,0
75.46667,0
75.47778,0
75.48889,0
75.5,0
75.51112,0
75.52222,0
75.53333,0
75.54445,0
75.55556,0
75.56667,0
75.57778,0
75.58889,0
75.6,0
75.61111,0
75.62222,0
75.63334,0
75.64445,0
75.65556,0
75.66667,0
75.67778,0
75.68889,0
75.7,0
75.71111,0
75.72222,0
75.73334,0
75.74445,0
75.75555,0
75.76667,0
75.77778,0
75.78889,0
75.8,0
75.81111,0
75.82223,0
75.83334,0
75.84444,0
75.85556,0
75.86667,0
75.87778,0
75.88889,0
75.9,0
75.91111,0
75.92223,0
75.93333,0
75.94444,0
75.95556,0
75.96667,0
75.97778,0
75.98889,0
76,0
76.01112,0
76.02222,0
76.03333,0
76.04445,0
76.05556,0
76.06667,0
76.07778,0
76.08889,0
76.1,0
76.11111,0
76.12222,0
76.13334,0
76.14445,0
76.15556,0
76.16667,0
76.17778,0
76.18889,0
76.2,0
76.21111,0
76.22222,0
76.23334,0
76.24445,0
76.25555,0
76.26667,0
76.27778,0
76.28889,0
76.3,0
76.31111,0
76.32223,0
76.33334,0
76.34444,0
76.35556,0
76.36667,0
76.37778,0
76.38889,0
76.4,0
76.41111,0
76.42223,0
76.43333,0
76.44444,0
76.45556,0
76.46667,0
76.47778,0
76.48889,0
76.5,0
76.51112,0
76.52222,0
76.53333,0
76.54445,0
76.55556,0
76.56667,0
76.57778,0
76.58889,0
76.6,0
76.61111,0
76.62222,0
76.63334,0
76.64445,0
76.65556,0
76.66667,0
76.67778,0
76.68889,0
76.7,0
76.71111,0
76.72222,0
76.73334,0
76.74445,0
76.75555,0
76.76667,0
76.77778,0
76.78889,0
76.8,0
76.81111,0
76.82223,0
76.83334,0
76.84444,0
76.85556,0
76.86667,0
76.87778,0
76.88889,0
76.9,0
76.91111,0
76.92223,0
76.93333,0
76.94444,0
76.95556,0
76.96667,0
76.97778,0
76.98889,0
77,0
77.01112,0
77.02222,0
77.03333,0
77.04445,0
77.05556,0
77.06667,0
77.07778,0
77.08889,0
77.1,0
77.11111,0
77.12222,0
77.13334,0
77.14445,0
77.15556,0
77.16667,0
77.17778,0
77.18889,0
77.2,0
77.21111,0
77.22222,0
77.23334,0
77.24445,0
77.25555,0
77.26667,0
77.27778,0
77.28889,0
77.3,0
77.31111,0
77.32223,0
77.33334,0
77.34444,0
77.35556,0
77.36667,0
77.37778,0
77.38889,0
77.4,0
77.41111,0
77.42223,0
77.43333,0
77.44444,0
77.45556,0
77.46667,0
77.47778,0
77.48889,0
77.5,0
77.51112,0
77.52222,0
77.53333,0
77.54445,0
77.55556,0
77.56667,0
77.57778,0
77.58889,0
77.6,0
77.61111,0
77.62222,0
77.63334,0
77.64445,0
77.65556,0
77.66667,0
77.67778,0
77.68889,0
77.7,0
77.71111,0
77.72222,0
77.73334,0
77.74445,0
77.75555,0
77.76667,0
77.77778,0
77.78889,0
77.8,0
77.81111,0
77.82223,0
77.83334,0
77.84444,0
77.85556,0
77.86667,0
77.87778,0
77.88889,0
77.9,0
77.91111,0
77.92223,0
77.93333,0
77.94444,0
77.95556,0
77.96667,0
77.97778,0
77.98889,0
78,0
78.01112,0
78.02222,0
78.03333,0
78.04445,0
78.05556,0
78.06667,0
78.07778,0
78.08889,0
78.1,0
78.11111,0
78.12222,0
78.13334,0
78.14445,0
78.15556,0
78.16667,0
78.17778,0
78.18889,0
78.2,0
78.21111,0
78.22222,0
78.23334,0
78.24445,0
78.25555,0
78.26667,0
78.27778,0
78.28889,0
78.3,0
78.31111,0
78.32223,0
78.33334,0
78.34444,0
78.35556,0
78.36667,0
78.37778,0
78.38889,0
78.4,0
78.41111,0
78.42223,0
78.43333,0
78.44444,0
78.45556,0
78.46667,0
78.47778,0
78.48889,0
78.5,0
78.51112,0
78.52222,0
78.53333,0
78.54445,0
78.55556,0
78.56667,0
78.57778,0
78.58889,0
78.6,0
78.61111,0
78.62222,0
78.63334,0
78.64445,0
78.65556,0
78.66667,0
78.67778,0
78.68889,0
78.7,0
78.71111,0
78.72222,0
78.73334,0
78.74445,0
78.75555,0
78.76667,0
78.77778,0
78.78889,0
78.8,0
78.81111,0
78.82223,0
78.83334,0
78.84444,0
78.85556,0
78.86667,0
78.87778,0
78.88889,0
78.9,0
78.91111,0
78.92223,0
78.93333,0
78.94444,0
78.95556,0
78.96667,0
78.97778,0
78.98889,0
79,0
79.01112,0
79.02222,0
79.03333,0
79.04445,0
79.05556,0
79.06667,0
79.07778,0
79.08889,0
79.1,0
79.11111,0
79.12222,0
79.13334,0
79.14445,0
79.15556,0
79.16667,0
79.17778,0
79.18889,0
79.2,0
79.21111,0
79.22222,0
79.23334,0
79.24445,0
79.25555,0
79.26667,0
79.27778,0
79.28889,0
79.3,0
79.31111,0
79.32223,0
79.33334,0
79.34444,0
79.35556,0
79.36667,0
79.37778,0
79.38889,0
79.4,0
79.41111,0
79.42223,0
79.43333,0
79.44444,0
79.45556,0
79.46667,0
79.47778,0
79.48889,0
79.5,0
79.51112,0
79.52222,0
79.53333,0
79.54445,0
79.55556,0
79.56667,0
79.57778,0
79.58889,0
79.6,0
79.61111,0
79.62222,0
79.63334,0
79.64445,0
79.65556,0
79.66667,0
79.67778,0
79.68889,0
79.7,0
79.71111,0
79.72222,0
79.73334,0
79.74445,0
79.75555,0
79.76667,0
79.77778,0
79.78889,0
79.8,0
79.81111,0
79.82223,0
79.83334,0
79.84444,0
79.85556,0
79.86667,0
79.87778,0
79.88889,0
79.9,0
79.91111,0
79.92223,0
79.93333,0
79.94444,0
79.95556,0
79.96667,0
79.97778,0
79.98889,0
80,0
80.01112,0
80.02222,0
80.03333,0
80.04445,0
80.05556,0
80.06667,0
80.07778,0
80.08889,0
80.1,0
80.11111,0
80.12222,0
80.13334,0
80.14445,0
80.15556,0
80.16667,0
80.17778,0
80.18889,0
80.2,0
80.21111,0
80.22222,0
80.23334,0
80.24445,0
80.25555,0
80.26667,0
80.27778,0
80.28889,0
80.3,0
80.31111,0
80.32223,0
80.33334,0
80.34444,0
80.35556,0
80.36667,0
80.37778,0
80.38889,0
80.4,0
80.41111,0
80.42223,0
80.43333,0
80.44444,0
80.45556,0
80.46667,0
80.47778,0
80.48889,0
80.5,0
80.51112,0
80.52222,0
80.53333,0
80.54445,0
80.55556,0
80.56667,0
80.57778,0
80.58889,0
80.6,0
80.61111,0
80.62222,0
80.63334,0
80.64445,0
80.65556,0
80.66667,0
80.67778,0
80.68889,0
80.7,0
80.71111,0
80.72222,0
80.73334,0
80.74445,0
80.75555,0
80.76667,0
80.77778,0
80.78889,0
80.8,0
80.81111,0
80.82223,0
80.83334,0
80.84444,0
80.85556,0
80.86667,0
80.87778,0
80.88889,0
80.9,0
80.91111,0
80.92223,0
80.93333,0
80.94444,0
80.95556,0
80.96667,0
80.97778,0
80.98889,0
81,0
81.01112,0
81.02222,0
81.03333,0
81.04445,0
81.05556,0
81.06667,0
81.07778,0
81.08889,0
81.1,0
81.11111,0
81.12222,0
81.13334,0
81.14445,0
81.15556,0
81.16667,0
81.17778,0
81.18889,0
81.2,0
81.21111,0
81.22222,0
81.23334,0
81.24445,0
81.25555,0
81.26667,0
81.27778,0
81.28889,0
81.3,0
81.31111,0
81.32223,0
81.33334,0
81.34444,0
81.35556,0
81.36667,0
81.37778,0
81.38889,0
81.4,0
81.41111,0
81.42223,0
81.43333,0
81.44444,0
81.45556,0
81.46667,0
81.47778,0
81.48889,0
81.5,0
81.51112,0
81.52222,0
81.53333,0
81.54445,0
81.55556,0
81.56667,0
81.57778,0
81.58889,0
81.6,0
81.61111,0
81.62222,0
81.63334,0
81.64445,0
81.65556,0
81.66667,0
81.67778,0
81.68889,0
81.7,0
81.71111,0
81.72222,0
81.73334,0
81.74445,0
81.75555,0
81.76667,0
81.77778,0
81.78889,0
81.8,0
81.81111,0
81.82223,0
81.83334,0
81.84444,0
81.85556,0
81.86667,0
81.87778,0
81.88889,0
81.9,0
81.91111,0
81.92223,0
81.93333,0
81.94444,0
81.95556,0
81.96667,0
81.97778,0
81.98889,0
82,0
82.01112,0
82.02222,0
82.03333,0
82.04445,0
82.05556,0
82.06667,0
82.07778,0
82.08889,0
82.1,0
82.11111,0
82.12222,0
82.13334,0
82.14445,0
82.15556,0
82.16667,0
82.17778,0
82.18889,0
82.2,0
82.21111,0
82.22222,0
82.23334,0
82.24445,0
82.25555,0
82.26667,0
82.27778,0
82.28889,0
82.3,0
82.31111,0
82.32223,0
82.33334,0
82.34444,0
82.35556,0
82.36667,0
82.37778,0
82.38889,0
82.4,0
82.41111,0
82.42223,0
82.43333,0
82.44444,0
82.45556,0
82.46667,0
82.47778,0
82.48889,0
82.5,0
82.51112,0
82.52222,0
82.53333,0
82.54445,0
82.55556,0
82.56667,0
82.57778,0
82.58889,0
82.6,0
82.61111,0
82.62222,0
82.63334,0
82.64445,0
82.65556,0
82.66667,0
82.67778,0
82.68889,0
82.7,0
82.71111,0
82.72222,0
82.73334,0
82.74445,0
82.75555,0
82.76667,0
82.77778,0
82.78889,0
82.8,0
82.81111,0
82.82223,0
82.83334,0
82.84444,0
82.85556,0
82.86667,0
82.87778,0
82.88889,0
82.9,0
82.91111,0
82.92223,0
82.93333,0
82.94444,0
82.95556,0
82.96667,0
82.97778,0
82.98889,0
83,0
83.01112,0
83.02222,0
83.03333,0
83.04445,0
83.05556,0
83.06667,0
83.07778,0
83.08889,0
83.1,0
83.11111,0
83.12222,0
83.13334,0
83.14445,0
83.15556,0
83.16667,0
83.17778,0
83.18889,0
83.2,0
83.21111,0
83.22222,0
83.23334,0
83.24445,0
83.25555,0
83.26667,0
83.27778,0
83.28889,0
83.3,0
83.31111,0
83.32223,0
83.33334,0
83.34444,0
83.35556,0
83.36667,0
83.37778,0
83.38889,0
83.4,0
83.41111,0
83.42223,0
83.43333,0
83.44444,0
83.45556,0
83.46667,0
83.47778,0
83.48889,0
83.5,0
83.51112,0
83.52222,0
83.53333,0
83.54445,0
83.55556,0
83.56667,0
83.57778,0
83.58889,0
83.6,0
83.61111,0
83.62222,0
83.63334,0
83.64445,0
83.65556,0
83.66667,0
83.67778,0
83.68889,0
83.7,0
83.71111,0
83.72222,0
83.73334,0
83.74445,0
83.75555,0
83.76667,0
83.77778,0
83.78889,0
83.8,0
83.81111,0
83.82223,0
83.83334,0
83.84444,0
83.85556,0
83.86667,0
83.87778,0
83.88889,0
83.9,0
83.91111,0
83.92223,0
83.93333,0
83.94444,0
83.95556,0
83.96667,0
83.97778,0
83.98889,0
84,0
84.01112,0
84.02222,0
84.03333,0
84.04445,0
84.05556,0
84.06667,0
84.07778,0
84.08889,0
84.1,0
84.11111,0
84.12222,0
84.13334,0
84.14445,0
84.15556,0
84.16667,0
84.17778,0
84.18889,0
84.2,0
84.21111,0
84.22222,0
84.23334,0
84.24445,0
84.25555,0
84.26667,0
84.27778,0
84.28889,0
84.3,0
84.31111,0
84.32223,0
84.33334,0
84.34444,0
84.35556,0
84.36667,0
84.37778,0
84.38889,0
84.4,0
84.41111,0
84.42223,0
84.43333,0
84.44444,0
84.45556,0
84.46667,0
84.47778,0
84.48889,0
84.5,0
84.51112,0
84.52222,0
84.53333,0
84.54445,0
84.55556,0
84.56667,0
84.57778,0
84.58889,0
84.6,0
84.61111,0
84.62222,0
84.63334,0
84.64445,0
84.65556,0
84.66667,0
84.67778,0
84.68889,0
84.7,0
84.71111,0
84.72222,0
84.73334,0
84.74445,0
84.75555,0
84.76667,0
84.77778,0
84.78889,0
84.8,0
84.81111,0
84.82223,0
84.83334,0
84.84444,0
84.85556,0
84.86667,0
84.87778,0
84.88889,0
84.9,0
84.91111,0
84.92223,0
84.93333,0
84.94444,0
84.95556,0
84.96667,0
84.97778,0
84.98889,0
85,0
85.01112,0
85.02222,0
85.03333,0
85.04445,0
85.05556,0
85.06667,0
85.07778,0
85.08889,0
85.1,0
85.11111,0
85.12222,0
85.13334,0
85.14445,0
85.15556,0
85.16667,0
85.17778,0
85.18889,0
85.2,0
85.21111,0
85.22222,0
85.23334,0
85.24445,0
85.25555,0
85.26667,0
85.27778,0
85.28889,0
85.3,0
85.31111,0
85.32223,0
85.33334,0
85.34444,0
85.35556,0
85.36667,0
85.37778,0
85.38889,0
85.4,0
85.41111,0
85.42223,0
85.43333,0
85.44444,0
85.45556,0
85.46667,0
85.47778,0
85.48889,0
85.5,0
85.51112,0
85.52222,0
85.53333,0
85.54445,0
85.55556,0
85.56667,0
85.57778,0
85.58889,0
85.6,0
85.61111,0
85.62222,0
85.63334,0
85.64445,0
85.65556,0
85.66667,0
85.67778,0
85.68889,0
85.7,0
85.71111,0
85.72222,0
85.73334,0
85.74445,0
85.75555,0
85.76667,0
85.77778,0
85.78889,0
85.8,0
85.81111,0
85.82223,0
85.83334,0
85.84444,0
85.85556,0
85.86667,0
85.87778,0
85.88889,0
85.9,0
85.91111,0
85.92223,0
85.93333,0
85.94444,0
85.95556,0
85.96667,0
85.97778,0
85.98889,0
86,0
86.01112,0
86.02222,0
86.03333,0
86.04445,0
86.05556,0
86.06667,0
86.07778,0
86.08889,0
86.1,0
86.11111,0
86.12222,0
86.13334,0
86.14445,0
86.15556,0
86.16667,0
86.17778,0
86.18889,0
86.2,0
86.21111,0
86.22222,0
86.23334,0
86.24445,0
86.25555,0
86.26667,0
86.27778,0
86.28889,0
86.3,0
86.31111,0
86.32223,0
86.33334,0
86.34444,0
86.35556,0
86.36667,0
86.37778,0
86.38889,0
86.4,0
86.41111,0
86.42223,0
86.43333,0
86.44444,0
86.45556,0
86.46667,0
86.47778,0
86.48889,0
86.5,0
86.51112,0
86.52222,0
86.53333,0
86.54445,0
86.55556,0
86.56667,0
86.57778,0
86.58889,0
86.6,0
86.61111,0
86.62222,0
86.63334,0
86.64445,0
86.65556,0
86.66667,0
86.67778,0
86.68889,0
86.7,0
86.71111,0
86.72222,0
86.73334,0
86.74445,0
86.75555,0
86.76667,0
86.77778,0
86.78889,0
86.8,0
86.81111,0
86.82223,0
86.83334,0
86.84444,0
86.85556,0
86.86667,0
86.87778,0
86.88889,0
86.9,0
86.91111,0
86.92223,0
86.93333,0
86.94444,0
86.95556,0
86.96667,0
86.97778,0
86.98889,0
87,0
87.01112,0
87.02222,0
87.03333,0
87.04445,0
87.05556,0
87.06667,0
87.07778,0
87.08889,0
87.1,0
87.11111,0
87.12222,0
87.13334,0
87.14445,0
87.15556,0
87.16667,0
87.17778,0
87.18889,0
87.2,0
87.21111,0
87.22222,0
87.23334,0
87.24445,0
87.25555,0
87.26667,0
87.27778,0
87.28889,0
87.3,0
87.31111,0
87.32223,0
87.33334,0
87.34444,0
87.35556,0
87.36667,0
87.37778,0
87.38889,0
87.4,0
87.41111,0
87.42223,0
87.43333,0
87.44444,0
87.45556,0
87.46667,0
87.47778,0
87.48889,0
87.5,0
87.51112,0
87.52222,0
87.53333,0
87.54445,0
87.55556,0
87.56667,0
87.57778,0
87.58889,0
87.6,0
87.61111,0
87.62222,0
87.63334,0
87.64445,0
87.65556,0
87.66667,0
87.67778,0
87.68889,0
87.7,0
87.71111,0
87.72222,0
87.73334,0
87.74445,0
87.75555,0
87.76667,0
87.77778,0
87.78889,0
87.8,0
87.81111,0
87.82223,0
87.83334,0
87.84444,0
87.85556,0
87.86667,0
87.87778,0
87.88889,0
87.9,0
87.91111,0
87.92223,0
87.93333,0
87.94445,0
87.95556,0
87.96667,0
87.97778,0
87.98889,0
88,0
88.01112,0
88.02222,0
88.03333,0
88.04445,0
88.05556,0
88.06667,0
88.07778,0
88.08889,0
88.1,0
88.11111,0
88.12222,0
88.13334,0
88.14445,0
88.15556,0
88.16667,0
88.17778,0
88.18889,0
88.2,0
88.21111,0
88.22222,0
88.23334,0
88.24445,0
88.25555,0
88.26667,0
88.27778,0
88.28889,0
88.3,0
88.31111,0
88.32223,0
88.33334,0
88.34444,0
88.35556,0
88.36667,0
88.37778,0
88.38889,0
88.4,0
88.41111,0
88.42223,0
88.43333,0
88.44445,0
88.45556,0
88.46667,0
88.47778,0
88.48889,0
88.5,0
88.51112,0
88.52222,0
88.53333,0
88.54445,0
88.55556,0
88.56667,0
88.57778,0
88.58889,0
88.6,0
88.61111,0
88.62222,0
88.63334,0
88.64445,0
88.65556,0
88.66667,0
88.67778,0
88.68889,0
88.7,0
88.71111,0
88.72222,0
88.73334,0
88.74445,0
88.75555,0
88.76667,0
88.77778,0
88.78889,0
88.8,0
88.81111,0
88.82223,0
88.83334,0
88.84444,0
88.85556,0
88.86667,0
88.87778,0
88.88889,0
88.9,0
88.91111,0
88.92223,0
88.93333,0
88.94445,0
88.95556,0
88.96667,0
88.97778,0
88.98889,0
89,0
89.01112,0
89.02222,0
89.03333,0
89.04445,0
89.05556,0
89.06667,0
89.07778,0
89.08889,0
89.1,0
89.11111,0
89.12222,0
89.13334,0
89.14445,0
89.15556,0
89.16667,0
89.17778,0
89.18889,0
89.2,0
89.21111,0
89.22222,0
89.23334,0
89.24445,0
89.25555,0
89.26667,0
89.27778,0
89.28889,0
89.3,0
89.31111,0
89.32223,0
89.33334,0
89.34444,0
89.35556,0
89.36667,0
89.37778,0
89.38889,0
89.4,0
89.41111,0
89.42223,0
89.43333,0
89.44445,0
89.45556,0
89.46667,0
89.47778,0
89.48889,0
89.5,0
89.51112,0
89.52222,0
89.53333,0
89.54445,0
89.55556,0
89.56667,0
89.57778,0
89.58889,0
89.6,0
89.61111,0
89.62222,0
89.63334,0
89.64445,0
89.65556,0
89.66667,0
89.67778,0
89.68889,0
89.7,0
89.71111,0
89.72222,0
89.73334,0
89.74445,0
89.75555,0
89.76667,0
89.77778,0
89.78889,0
89.8,0
89.81111,0
89.82223,0
89.83334,0
89.84444,0
89.85556,0
89.86667,0
89.87778,0
89.88889,0
89.9,0
89.91111,0
89.92223,0
89.93333,0
89.94445,0
89.95556,0
89.96667,0
89.97778,0
89.98889,0
90,0
90.01112,0
90.02222,0
90.03333,0
90.04445,0
90.05556,0
90.06667,0
90.07778,0
90.08889,0
90.1,0
90.11111,0
90.12222,0
90.13334,0
90.14445,0
90.15556,0
90.16667,0
90.17778,0
90.18889,0
90.2,0
90.21111,0
90.22222,0
90.23334,0
90.24445,0
90.25555,0
90.26667,0
90.27778,0
90.28889,0
90.3,0
90.31111,0
90.32223,0
90.33334,0
90.34444,0
90.35556,0
90.36667,0
90.37778,0
90.38889,0
90.4,0
90.41111,0
90.42223,0
90.43333,0
90.44445,0
90.45556,0
90.46667,0
90.47778,0
90.48889,0
90.5,0
90.51112,0
90.52222,0
90.53333,0
90.54445,0
90.55556,0
90.56667,0
90.57778,0
90.58889,0
90.6,0
90.61111,0
90.62222,0
90.63334,0
90.64445,0
90.65556,0
90.66667,0
90.67778,0
90.68889,0
90.7,0
90.71111,0
90.72222,0
90.73334,0
90.74445,0
90.75555,0
90.76667,0
90.77778,0
90.78889,0
90.8,0
90.81111,0
90.82223,0
90.83334,0
90.84444,0
90.85556,0
90.86667,0
90.87778,0
90.88889,0
90.9,0
90.91111,0
90.92223,0
90.93333,0
90.94445,0
90.95556,0
90.96667,0
90.97778,0
90.98889,0
91,0
91.01112,0
91.02222,0
91.03333,0
91.04445,0
91.05556,0
91.06667,0
91.07778,0
91.08889,0
91.1,0
91.11111,0
91.12222,0
91.13334,0
91.14445,0
91.15556,0
91.16667,0
91.17778,0
91.18889,0
91.2,0
91.21111,0
91.22222,0
91.23334,0
91.24445,0
91.25555,0
91.26667,0
91.27778,0
91.28889,0
91.3,0
91.31111,0
91.32223,0
91.33334,0
91.34444,0
91.35556,0
91.36667,0
91.37778,0
91.38889,0
91.4,0
91.41111,0
91.42223,0
91.43333,0
91.44445,0
91.45556,0
91.46667,0
91.47778,0
91.48889,0
91.5,0
91.51112,0
91.52222,0
91.53333,0
91.54445,0
91.55556,0
91.56667,0
91.57778,0
91.58889,0
91.6,0
91.61111,0
91.62222,0
91.63334,0
91.64445,0
91.65556,0
91.66667,0
91.67778,0
91.68889,0
91.7,0
91.71111,0
91.72222,0
91.73334,0
91.74445,0
91.75555,0
91.76667,0
91.77778,0
91.78889,0
91.8,0
91.81111,0
91.82223,0
91.83334,0
91.84444,0
91.85556,0
91.86667,0
91.87778,0
91.88889,0
91.9,0
91.91111,0
91.92223,0
91.93333,0
91.94445,0
91.95556,0
91.96667,0
91.97778,0
91.98889,0
92,0
92.01112,0
92.02222,0
92.03333,0
92.04445,0
92.05556,0
92.06667,0
92.07778,0
92.08889,0
92.1,0
92.11111,0
92.12222,0
92.13334,0
92.14445,0
92.15556,0
92.16667,0
92.17778,0
92.18889,0
92.2,0
92.21111,0
92.22222,0
92.23334,0
92.24445,0
92.25555,0
92.26667,0
92.27778,0
92.28889,0
92.3,0
92.31111,0
92.32223,0
92.33334,0
92.34444,0
92.35556,0
92.36667,0
92.37778,0
92.38889,0
92.4,0
92.41111,0
92.42223,0
92.43333,0
92.44445,0
92.45556,0
92.46667,0
92.47778,0
92.48889,0
92.5,0
92.51112,0
92.52222,0
92.53333,0
92.54445,0
92.55556,0
92.56667,0
92.57778,0
92.58889,0
92.6,0
92.61111,0
92.62222,0
92.63334,0
92.64445,0
92.65556,0
92.66667,0
92.67778,0
92.68889,0
92.7,0
92.71111,0
92.72222,0
92.73334,0
92.74445,0
92.75555,0
92.76667,0
92.77778,0
92.78889,0
92.8,0
92.81111,0
92.82223,0
92.83334,0
92.84444,0
92.85556,0
92.86667,0
92.87778,0
92.88889,0
92.9,0
92.91111,0
92.92223,0
92.93333,0
92.94445,0
92.95556,0
92.96667,0
92.97778,0
92.98889,0
93,0
93.01112,0
93.02222,0
93.03333,0
93.04445,0
93.05556,0
93.06667,0
93.07778,0
93.08889,0
93.1,0
93.11111,0
93.12222,0
93.13334,0
93.14445,0
93.15556,0
93.16667,0
93.17778,0
93.18889,0
93.2,0
93.21111,0
93.22222,0
93.23334,0
93.24445,0
93.25555,0
93.26667,0
93.27778,0
93.28889,0
93.3,0
93.31111,0
93.32223,0
93.33334,0
93.34444,0
93.35556,0
93.36667,0
93.37778,0
93.38889,0
93.4,0
93.41111,0
93.42223,0
93.43333,0
93.44445,0
93.45556,0
93.46667,0
93.47778,0
93.48889,0
93.5,0
93.51112,0
93.52222,0
93.53333,0
93.54445,0
93.55556,0
93.56667,0
93.57778,0
93.58889,0
93.6,0
93.61111,0
93.62222,0
93.63334,0
93.64445,0
93.65556,0
93.66667,0
93.67778,0
93.68889,0
93.7,0
93.71111,0
93.72222,0
93.73334,0
93.74445,0
93.75555,0
93.76667,0
93.77778,0
93.78889,0
93.8,0
93.81111,0
93.82223,0
93.83334,0
93.84444,0
93.85556,0
93.86667,0
93.87778,0
93.88889,0
93.9,0
93.91111,0
93.92223,0
93.93333,0
93.94445,0
93.95556,0
93.96667,0
93.97778,0
93.98889,0
94,0
94.01112,0
94.02222,0
94.03333,0
94.04445,0
94.05556,0
94.06667,0
94.07778,0
94.08889,0
94.1,0
94.11111,0
94.12222,0
94.13334,0
94.14445,0
94.15556,0
94.16667,0
94.17778,0
94.18889,0
94.2,0
94.21111,0
94.22222,0
94.23334,0
94.24445,0
94.25555,0
94.26667,0
94.27778,0
94.28889,0
94.3,0
94.31111,0
94.32223,0
94.33334,0
94.34444,0
94.35556,0
94.36667,0
94.37778,0
94.38889,0
94.4,0
94.41111,0
94.42223,0
94.43333,0
94.44445,0
94.45556,0
94.46667,0
94.47778,0
94.48889,0
94.5,0
94.51112,0
94.52222,0
94.53333,0
94.54445,0
94.55556,0
94.56667,0
94.57778,0
94.58889,0
94.60001,0
94.61111,0
94.62222,0
94.63334,0
94.64445,0
94.65556,0
94.66667,0
94.67778,0
94.68889,0
94.7,0
94.71111,0
94.72222,0
94.73334,0
94.74445,0
94.75555,0
94.76667,0
94.77778,0
94.78889,0
94.8,0
94.81111,0
94.82223,0
94.83334,0
94.84444,0
94.85556,0
94.86667,0
94.87778,0
94.88889,0
94.9,0
94.91111,0
94.92223,0
94.93333,0
94.94445,0
94.95556,0
94.96667,0
94.97778,0
94.98889,0
95,0
95.01112,0
95.02222,0
95.03333,0
95.04445,0
95.05556,0
95.06667,0
95.07778,0
95.08889,0
95.10001,0
95.11111,0
95.12222,0
95.13334,0
95.14445,0
95.15556,0
95.16667,0
95.17778,0
95.18889,0
95.2,0
95.21111,0
95.22222,0
95.23334,0
95.24445,0
95.25555,0
95.26667,0
95.27778,0
95.28889,0
95.3,0
95.31111,0
95.32223,0
95.33334,0
95.34444,0
95.35556,0
95.36667,0
95.37778,0
95.38889,0
95.4,0
95.41111,0
95.42223,0
95.43333,0
95.44445,0
95.45556,0
95.46667,0
95.47778,0
95.48889,0
95.5,0
95.51112,0
95.52222,0
95.53333,0
95.54445,0
95.55556,0
95.56667,0
95.57778,0
95.58889,0
95.60001,0
95.61111,0
95.62222,0
95.63334,0
95.64445,0
95.65556,0
95.66667,0
95.67778,0
95.68889,0
95.7,0
95.71111,0
95.72222,0
95.73334,0
95.74445,0
95.75555,0
95.76667,0
95.77778,0
95.78889,0
95.8,0
95.81111,0
95.82223,0
95.83334,0
95.84444,0
95.85556,0
95.86667,0
95.87778,0
95.88889,0
95.9,0
95.91111,0
95.92223,0
95.93333,0
95.94445,0
95.95556,0
95.96667,0
95.97778,0
95.98889,0
96,0
96.01112,0
96.02222,0
96.03333,0
96.04445,0
96.05556,0
96.06667,0
96.07778,0
96.08889,0
96.10001,0
96.11111,0
96.12222,0
96.13334,0
96.14445,0
96.15556,0
96.16667,0
96.17778,0
96.18889,0
96.2,0
96.21111,0
96.22222,0
96.23334,0
96.24445,0
96.25555,0
96.26667,0
96.27778,0
96.28889,0
96.3,0
96.31111,0
96.32223,0
96.33334,0
96.34444,0
96.35556,0
96.36667,0
96.37778,0
96.38889,0
96.4,0
96.41111,0
96.42223,0
96.43333,0
96.44445,0
96.45556,0
96.46667,0
96.47778,0
96.48889,0
96.5,0
96.51112,0
96.52222,0
96.53333,0
96.54445,0
96.55556,0
96.56667,0
96.57778,0
96.58889,0
96.60001,0
96.61111,0
96.62222,0
96.63334,0
96.64445,0
96.65556,0
96.66667,0
96.67778,0
96.68889,0
96.7,0
96.71111,0
96.72222,0
96.73334,0
96.74445,0
96.75555,0
96.76667,0
96.77778,0
96.78889,0
96.8,0
96.81111,0
96.82223,0
96.83334,0
96.84444,0
96.85556,0
96.86667,0
96.87778,0
96.88889,0
96.9,0
96.91111,0
96.92223,0
96.93333,0
96.94445,0
96.95556,0
96.96667,0
96.97778,0
96.98889,0
97,0
97.01112,0
97.02222,0
97.03333,0
97.04445,0
97.05556,0
97.06667,0
97.07778,0
97.08889,0
97.10001,0
97.11111,0
97.12222,0
97.13334,0
97.14445,0
97.15556,0
97.16667,0
97.17778,0
97.18889,0
97.2,0
97.21111,0
97.22222,0
97.23334,0
97.24445,0
97.25555,0
97.26667,0
97.27778,0
97.28889,0
97.3,0
97.31111,0
97.32223,0
97.33334,0
97.34444,0
97.35556,0
97.36667,0
97.37778,0
97.38889,0
97.4,0
97.41111,0
97.42223,0
97.43333,0
97.44445,0
97.45556,0
97.46667,0
97.47778,0
97.48889,0
97.5,0
97.51112,0
97.52222,0
97.53333,0
97.54445,0
97.55556,0
97.56667,0
97.57778,0
97.58889,0
97.60001,0
97.61111,0
97.62222,0
97.63334,0
97.64445,0
97.65556,0
97.66667,0
97.67778,0
97.68889,0
97.7,0
97.71111,0
97.72222,0
97.73334,0
97.74445,0
97.75555,0
97.76667,0
97.77778,0
97.78889,0
97.8,0
97.81111,0
97.82223,0
97.83334,0
97.84444,0
97.85556,0
97.86667,0
97.87778,0
97.88889,0
97.9,0
97.91111,0
97.92223,0
97.93333,0
97.94445,0
97.95556,0
97.96667,0
97.97778,0
97.98889,0
98,0
98.01112,0
98.02222,0
98.03333,0
98.04445,0
98.05556,0
98.06667,0
98.07778,0
98.08889,0
98.10001,0
98.11111,0
98.12222,0
98.13334,0
98.14445,0
98.15556,0
98.16667,0
98.17778,0
98.18889,0
98.2,0
98.21111,0
98.22222,0
98.23334,0
98.24445,0
98.25555,0
98.26667,0
98.27778,0
98.28889,0
98.3,0
98.31111,0
98.32223,0
98.33334,0
98.34444,0
98.35556,0
98.36667,0
98.37778,0
98.38889,0
98.4,0
98.41111,0
98.42223,0
98.43333,0
98.44445,0
98.45556,0
98.46667,0
98.47778,0
98.48889,0
98.5,0
98.51112,0
98.52222,0
98.53333,0
98.54445,0
98.55556,0
98.56667,0
98.57778,0
98.58889,0
98.60001,0
98.61111,0
98.62222,0
98.63334,0
98.64445,0
98.65556,0
98.66667,0
98.67778,0
98.68889,0
98.7,0
98.71111,0
98.72222,0
98.73334,0
98.74445,0
98.75555,0
98.76667,0
98.77778,0
98.78889,0
98.8,0
98.81111,0
98.82223,0
98.83334,0
98.84444,0
98.85556,0
98.86667,0
98.87778,0
98.88889,0
98.9,0
98.91111,0
98.92223,0
98.93333,0
98.94445,0
98.95556,0
98.96667,0
98.97778,0
98.98889,0
99,0
99.01112,0
99.02222,0
99.03333,0
99.04445,0
99.05556,0
99.06667,0
99.07778,0
99.08889,0
99.10001,0
99.11111,0
99.12222,0
99.13334,0
99.14445,0
99.15556,0
99.16667,0
99.17778,0
99.18889,0
99.2,0
99.21111,0
99.22222,0
99.23334,0
99.24445,0
99.25555,0
99.26667,0
99.27778,0
99.28889,0
99.3,0
99.31111,0
99.32223,0
99.33334,0
99.34444,0
99.35556,0
99.36667,0
99.37778,0
99.38889,0
99.4,0
99.41111,0
99.42223,0
99.43333,0
99.44445,0
99.45556,0
99.46667,0
99.47778,0
99.48889,0
99.5,0
99.51112,0
99.52222,0
99.53333,0
99.54445,0
99.55556,0
99.56667,0
99.57778,0
99.58889,0
99.60001,0
99.61111,0
99.62222,0
99.63334,0
99.64445,0
99.65556,0
99.66667,0
99.67778,0
99.68889,0
99.7,0
99.71111,0
99.72222,0
99.73334,0
99.74445,0
